id,sequence,experiment_type,dataset_name,reads,signal_to_noise,SN_filter,reactivity_0001,reactivity_0002,reactivity_0003,reactivity_0004,reactivity_0005,reactivity_0006,reactivity_0007,reactivity_0008,reactivity_0009,reactivity_0010,reactivity_0011,reactivity_0012,reactivity_0013,reactivity_0014,reactivity_0015,reactivity_0016,reactivity_0017,reactivity_0018,reactivity_0019,reactivity_0020,reactivity_0021,reactivity_0022,reactivity_0023,reactivity_0024,reactivity_0025,reactivity_0026,reactivity_0027,reactivity_0028,reactivity_0029,reactivity_0030,reactivity_0031,reactivity_0032,reactivity_0033,reactivity_0034,reactivity_0035,reactivity_0036,reactivity_0037,reactivity_0038,reactivity_0039,reactivity_0040,reactivity_0041,reactivity_0042,reactivity_0043,reactivity_0044,reactivity_0045,reactivity_0046,reactivity_0047,reactivity_0048,reactivity_0049,reactivity_0050,reactivity_0051,reactivity_0052,reactivity_0053,reactivity_0054,reactivity_0055,reactivity_0056,reactivity_0057,reactivity_0058,reactivity_0059,reactivity_0060,reactivity_0061,reactivity_0062,reactivity_0063,reactivity_0064,reactivity_0065,reactivity_0066,reactivity_0067,reactivity_0068,reactivity_0069,reactivity_0070,reactivity_0071,reactivity_0072,reactivity_0073,reactivity_0074,reactivity_0075,reactivity_0076,reactivity_0077,reactivity_0078,reactivity_0079,reactivity_0080,reactivity_0081,reactivity_0082,reactivity_0083,reactivity_0084,reactivity_0085,reactivity_0086,reactivity_0087,reactivity_0088,reactivity_0089,reactivity_0090,reactivity_0091,reactivity_0092,reactivity_0093,reactivity_0094,reactivity_0095,reactivity_0096,reactivity_0097,reactivity_0098,reactivity_0099,reactivity_0100,reactivity_0101,reactivity_0102,reactivity_0103,reactivity_0104,reactivity_0105,reactivity_0106,reactivity_0107,reactivity_0108,reactivity_0109,reactivity_0110,reactivity_0111,reactivity_0112,reactivity_0113,reactivity_0114,reactivity_0115,reactivity_0116,reactivity_0117,reactivity_0118,reactivity_0119,reactivity_0120,reactivity_0121,reactivity_0122,reactivity_0123,reactivity_0124,reactivity_0125,reactivity_0126,reactivity_0127,reactivity_0128,reactivity_0129,reactivity_0130,reactivity_0131,reactivity_0132,reactivity_0133,reactivity_0134,reactivity_0135,reactivity_0136,reactivity_0137,reactivity_0138,reactivity_0139,reactivity_0140,reactivity_0141,reactivity_0142,reactivity_0143,reactivity_0144,reactivity_0145,reactivity_0146,reactivity_0147,reactivity_0148,reactivity_0149,reactivity_0150,reactivity_0151,reactivity_0152,reactivity_0153,reactivity_0154,reactivity_0155,reactivity_0156,reactivity_0157,reactivity_0158,reactivity_0159,reactivity_0160,reactivity_0161,reactivity_0162,reactivity_0163,reactivity_0164,reactivity_0165,reactivity_error_0001,reactivity_error_0002,reactivity_error_0003,reactivity_error_0004,reactivity_error_0005,reactivity_error_0006,reactivity_error_0007,reactivity_error_0008,reactivity_error_0009,reactivity_error_0010,reactivity_error_0011,reactivity_error_0012,reactivity_error_0013,reactivity_error_0014,reactivity_error_0015,reactivity_error_0016,reactivity_error_0017,reactivity_error_0018,reactivity_error_0019,reactivity_error_0020,reactivity_error_0021,reactivity_error_0022,reactivity_error_0023,reactivity_error_0024,reactivity_error_0025,reactivity_error_0026,reactivity_error_0027,reactivity_error_0028,reactivity_error_0029,reactivity_error_0030,reactivity_error_0031,reactivity_error_0032,reactivity_error_0033,reactivity_error_0034,reactivity_error_0035,reactivity_error_0036,reactivity_error_0037,reactivity_error_0038,reactivity_error_0039,reactivity_error_0040,reactivity_error_0041,reactivity_error_0042,reactivity_error_0043,reactivity_error_0044,reactivity_error_0045,reactivity_error_0046,reactivity_error_0047,reactivity_error_0048,reactivity_error_0049,reactivity_error_0050,reactivity_error_0051,reactivity_error_0052,reactivity_error_0053,reactivity_error_0054,reactivity_error_0055,reactivity_error_0056,reactivity_error_0057,reactivity_error_0058,reactivity_error_0059,reactivity_error_0060,reactivity_error_0061,reactivity_error_0062,reactivity_error_0063,reactivity_error_0064,reactivity_error_0065,reactivity_error_0066,reactivity_error_0067,reactivity_error_0068,reactivity_error_0069,reactivity_error_0070,reactivity_error_0071,reactivity_error_0072,reactivity_error_0073,reactivity_error_0074,reactivity_error_0075,reactivity_error_0076,reactivity_error_0077,reactivity_error_0078,reactivity_error_0079,reactivity_error_0080,reactivity_error_0081,reactivity_error_0082,reactivity_error_0083,reactivity_error_0084,reactivity_error_0085,reactivity_error_0086,reactivity_error_0087,reactivity_error_0088,reactivity_error_0089,reactivity_error_0090,reactivity_error_0091,reactivity_error_0092,reactivity_error_0093,reactivity_error_0094,reactivity_error_0095,reactivity_error_0096,reactivity_error_0097,reactivity_error_0098,reactivity_error_0099,reactivity_error_0100,reactivity_error_0101,reactivity_error_0102,reactivity_error_0103,reactivity_error_0104,reactivity_error_0105,reactivity_error_0106,reactivity_error_0107,reactivity_error_0108,reactivity_error_0109,reactivity_error_0110,reactivity_error_0111,reactivity_error_0112,reactivity_error_0113,reactivity_error_0114,reactivity_error_0115,reactivity_error_0116,reactivity_error_0117,reactivity_error_0118,reactivity_error_0119,reactivity_error_0120,reactivity_error_0121,reactivity_error_0122,reactivity_error_0123,reactivity_error_0124,reactivity_error_0125,reactivity_error_0126,reactivity_error_0127,reactivity_error_0128,reactivity_error_0129,reactivity_error_0130,reactivity_error_0131,reactivity_error_0132,reactivity_error_0133,reactivity_error_0134,reactivity_error_0135,reactivity_error_0136,reactivity_error_0137,reactivity_error_0138,reactivity_error_0139,reactivity_error_0140,reactivity_error_0141,reactivity_error_0142,reactivity_error_0143,reactivity_error_0144,reactivity_error_0145,reactivity_error_0146,reactivity_error_0147,reactivity_error_0148,reactivity_error_0149,reactivity_error_0150,reactivity_error_0151,reactivity_error_0152,reactivity_error_0153,reactivity_error_0154,reactivity_error_0155,reactivity_error_0156,reactivity_error_0157,reactivity_error_0158,reactivity_error_0159,reactivity_error_0160,reactivity_error_0161,reactivity_error_0162,reactivity_error_0163,reactivity_error_0164,reactivity_error_0165
49f670cb2961,GGAAAAGGCGUCGAGUAGACGCCAACAACGGAAACCUGAAAGAUCAAAAAAAAAAAGAUCAAGUACAAAAAAAAAAAGUACAACAGGAAAAAAAAAAAGCAUAGGUUCGCCUAUGCAAACCAAACCGUCAGCGAGUAGCUGACAAAAAGAAACAACAACAACAAC,DMS,TODS1_DMS_0001.rdat,,7.473,1,3.501,3.840,-0.449,-0.383,0.686,0.782,0.720,0.491,0.189,0.034,-0.044,-0.074,-0.041,-0.073,-0.076,0.164,0.264,0.108,0.036,0.019,0.057,0.119,0.193,0.350,0.324,0.419,0.352,0.262,0.111,0.061,0.199,0.410,0.412,0.256,0.159,-0.008,0.052,0.233,0.542,0.656,0.491,0.306,0.227,0.148,0.178,0.079,0.051,0.060,0.123,0.248,0.468,0.567,0.786,0.955,0.922,0.609,0.261,0.148,0.112,0.209,0.417,0.308,0.137,0.134,0.099,0.078,0.092,0.096,0.137,0.274,0.515,0.544,0.427,0.854,0.979,1.026,0.488,0.076,0.120,0.172,0.417,1.244,1.149,0.346,0.204,0.211,0.132,0.110,0.076,0.053,0.171,0.304,0.844,0.273,0.277,0.819,1.118,0.614,0.042,0.015,0.055,0.079,0.184,-0.009,0.065,0.039,-0.023,0.544,-0.381,-0.037,0.006,0.013,0.063,0.106,0.169,0.207,0.778,1.117,0.972,0.241,0.462,0.904,0.845,1.052,0.469,0.405,0.052,0.095,0.231,0.202,1.574,-0.098,0.381,0.675,0.139,0.247,0.983,0.253,0.181,0.224,0.303,0.463,0.533,0.945,0.749,,,,,,,,,,,,,,,,,,,,,1.456,0.290,0.190,0.136,0.039,0.017,0.004,0.035,0.025,0.005,0.011,0.028,0.013,0.032,0.032,0.013,0.043,0.020,0.012,0.012,0.028,0.012,0.055,0.073,0.018,0.038,0.015,0.018,0.017,0.017,0.012,0.017,0.036,0.013,0.034,0.019,0.013,0.018,0.088,0.044,0.046,0.029,0.027,0.018,0.009,0.019,0.019,0.025,0.034,0.051,0.055,0.025,0.046,0.040,0.040,0.035,0.020,0.019,0.016,0.037,0.063,0.020,0.018,0.024,0.015,0.007,0.008,0.011,0.040,0.057,0.040,0.054,0.058,0.040,0.127,0.043,0.069,0.036,0.010,0.016,0.017,0.032,0.050,0.085,0.053,0.015,0.016,0.011,0.009,0.004,0.037,0.023,0.023,0.009,0.006,0.026,0.101,0.226,0.024,0.006,0.001,0.003,0.064,0.011,0.049,0.009,0.005,0.196,0.146,0.014,0.008,0.001,0.010,0.020,0.022,0.026,0.055,0.080,0.154,0.029,0.008,0.032,0.083,0.183,0.080,0.067,0.004,0.007,0.006,0.025,0.586,0.150,0.189,0.107,0.038,0.021,0.046,0.054,0.019,0.049,0.072,0.024,0.104,0.070,0.180,,,,,,,,,,,,,,,,,,,,
49f670cb2961,GGAAAAGGCGUCGAGUAGACGCCAACAACGGAAACCUGAAAGAUCAAAAAAAAAAAGAUCAAGUACAAAAAAAAAAAGUACAACAGGAAAAAAAAAAAGCAUAGGUUCGCCUAUGCAAACCAAACCGUCAGCGAGUAGCUGACAAAAAGAAACAACAACAACAAC,DMS,TODS1_DMS_0001.rdat,,7.247,1,3.106,1.834,-0.597,0.343,0.700,0.632,0.569,0.409,0.162,0.052,-0.007,0.013,0.044,0.056,0.093,0.227,0.285,0.158,0.081,0.063,0.070,0.109,0.162,0.256,0.242,0.263,0.250,0.187,0.067,0.085,0.198,0.382,0.361,0.217,0.125,0.033,0.080,0.257,0.496,0.602,0.464,0.318,0.240,0.157,0.130,0.063,0.043,0.063,0.118,0.225,0.454,0.574,0.734,0.873,0.859,0.574,0.288,0.203,0.169,0.258,0.442,0.352,0.201,0.202,0.152,0.107,0.100,0.095,0.109,0.224,0.449,0.521,0.385,0.779,0.895,0.939,0.452,0.124,0.183,0.196,0.441,1.206,1.003,0.396,0.289,0.273,0.192,0.132,0.080,0.043,0.127,0.244,0.829,0.277,0.268,0.732,0.958,0.742,0.050,0.038,0.058,0.130,0.326,0.010,0.073,0.079,0.011,0.427,0.161,0.031,0.032,0.033,0.145,0.191,0.260,0.162,0.698,0.965,0.833,0.286,0.567,0.817,0.744,1.069,0.656,0.571,0.082,0.136,0.253,0.156,1.182,0.004,0.347,0.644,0.266,0.831,3.392,3.559,1.409,0.173,0.126,0.255,0.351,0.404,0.366,,,,,,,,,,,,,,,,,,,,,1.615,0.406,0.232,0.163,0.052,0.010,0.005,0.020,0.015,0.008,0.007,0.034,0.016,0.039,0.041,0.016,0.043,0.016,0.012,0.016,0.027,0.011,0.050,0.063,0.020,0.035,0.006,0.019,0.011,0.015,0.009,0.015,0.047,0.026,0.018,0.009,0.017,0.026,0.091,0.049,0.049,0.032,0.030,0.016,0.011,0.018,0.018,0.024,0.034,0.053,0.069,0.015,0.061,0.060,0.063,0.045,0.023,0.025,0.020,0.043,0.072,0.016,0.020,0.032,0.021,0.003,0.014,0.020,0.037,0.057,0.056,0.074,0.064,0.008,0.084,0.065,0.057,0.029,0.010,0.023,0.033,0.049,0.091,0.078,0.061,0.017,0.013,0.019,0.012,0.006,0.038,0.033,0.046,0.006,0.009,0.027,0.028,0.185,0.027,0.011,0.006,0.002,0.108,0.007,0.036,0.013,0.006,0.144,0.204,0.010,0.008,0.003,0.015,0.030,0.023,0.009,0.038,0.022,0.066,0.020,0.043,0.028,0.019,0.093,0.012,0.048,0.008,0.011,0.014,0.007,0.608,0.073,0.121,0.084,0.046,0.095,0.375,0.674,0.207,0.042,0.037,0.004,0.069,0.052,0.055,,,,,,,,,,,,,,,,,,,,
49f670cb2961,GGAAAAGGCGUCGAGUAGACGCCAACAACGGAAACCUGAAAGAUCAAAAAAAAAAAGAUCAAGUACAAAAAAAAAAAGUACAACAGGAAAAAAAAAAAGCAUAGGUUCGCCUAUGCAAACCAAACCGUCAGCGAGUAGCUGACAAAAAGAAACAACAACAACAAC,DMS,TODS1_DMS_0001.rdat,,4.098,1,13.316,2.370,-5.745,-0.322,0.352,0.493,0.467,0.268,0.085,0.048,0.141,0.218,0.285,0.304,0.303,0.324,0.333,0.180,0.251,0.163,0.130,0.164,0.178,0.264,0.189,0.202,0.266,0.213,0.078,0.083,0.289,0.504,0.484,0.299,0.141,0.056,0.120,0.309,0.519,0.539,0.349,0.124,0.005,-0.101,-0.048,-0.028,0.033,0.028,0.034,0.124,0.220,0.298,0.513,0.672,0.675,0.318,0.107,0.080,0.050,0.144,0.351,0.244,0.094,0.032,-0.037,-0.080,-0.120,-0.059,0.090,0.114,0.401,0.379,0.271,0.732,0.836,0.862,0.333,0.064,0.109,0.222,0.441,1.378,1.001,0.242,0.103,0.130,0.170,0.134,0.029,0.102,0.155,0.568,1.119,0.324,0.312,0.799,1.043,0.686,0.035,0.015,0.041,0.077,0.285,-0.008,0.090,0.071,0.078,0.713,0.346,-0.083,0.023,0.006,0.233,0.292,0.293,0.183,0.766,1.129,0.881,0.432,0.656,0.871,0.702,1.464,1.353,0.438,0.001,0.050,0.275,0.488,7.724,-0.053,0.538,1.106,0.412,0.242,0.954,0.374,0.236,0.283,0.289,0.671,0.920,1.288,2.328,,,,,,,,,,,,,,,,,,,,,3.829,1.207,0.514,0.256,0.060,0.017,0.010,0.022,0.013,0.021,0.015,0.079,0.021,0.077,0.102,0.025,0.051,0.019,0.044,0.025,0.045,0.010,0.064,0.072,0.019,0.049,0.008,0.021,0.031,0.031,0.017,0.020,0.056,0.038,0.029,0.025,0.019,0.024,0.095,0.032,0.037,0.024,0.028,0.013,0.008,0.021,0.024,0.031,0.038,0.062,0.059,0.031,0.042,0.041,0.043,0.024,0.012,0.019,0.016,0.043,0.074,0.038,0.030,0.053,0.043,0.011,0.012,0.018,0.051,0.052,0.045,0.063,0.080,0.043,0.133,0.046,0.053,0.025,0.012,0.029,0.021,0.039,0.048,0.099,0.070,0.020,0.024,0.018,0.006,0.012,0.038,0.057,0.024,0.009,0.007,0.015,0.091,0.264,0.027,0.004,0.002,0.002,0.095,0.017,0.057,0.015,0.014,0.229,0.426,0.045,0.025,0.002,0.031,0.050,0.060,0.022,0.069,0.113,0.145,0.090,0.019,0.045,0.092,0.268,0.247,0.104,0.004,0.005,0.011,0.108,2.013,0.760,0.211,0.167,0.069,0.045,0.057,0.108,0.023,0.065,0.086,0.051,0.257,0.151,0.597,,,,,,,,,,,,,,,,,,,,
49f670cb2961,GGAAAAGGCGUCGAGUAGACGCCAACAACGGAAACCUGAAAGAUCAAAAAAAAAAAGAUCAAGUACAAAAAAAAAAAGUACAACAGGAAAAAAAAAAAGCAUAGGUUCGCCUAUGCAAACCAAACCGUCAGCGAGUAGCUGACAAAAAGAAACAACAACAACAAC,DMS,TODS1_DMS_0001.rdat,,4.501,1,4.149,4.854,-0.670,1.283,0.942,0.592,0.513,0.375,0.180,0.095,0.131,0.132,0.156,0.112,0.070,0.204,0.279,0.148,0.092,0.079,0.106,0.100,0.094,0.154,0.050,0.087,-0.024,-0.088,-0.148,-0.144,0.052,0.275,0.220,0.071,0.039,-0.131,-0.091,0.128,0.332,0.440,0.427,0.244,0.027,-0.159,-0.065,-0.057,0.059,0.047,0.034,0.145,0.251,0.306,0.602,0.630,0.662,0.392,0.211,0.154,0.174,0.242,0.460,0.440,0.211,0.155,0.001,-0.073,-0.113,-0.057,0.148,0.159,0.397,0.429,0.314,0.648,0.665,0.700,0.377,0.136,0.260,0.209,0.356,1.139,0.917,0.261,0.161,0.289,0.295,0.249,0.071,0.139,0.288,0.568,1.397,0.634,0.536,0.768,1.095,0.930,0.070,0.062,0.074,0.210,0.401,0.000,0.196,0.296,0.119,0.713,0.537,0.040,0.032,0.048,0.211,0.223,0.372,0.379,0.786,1.298,1.027,0.549,1.138,0.928,0.710,1.394,0.681,0.489,0.010,0.117,0.257,0.132,1.547,-0.026,0.363,0.559,0.287,0.286,0.725,0.157,0.128,0.258,0.271,0.588,0.786,0.840,-0.451,,,,,,,,,,,,,,,,,,,,,2.807,0.858,0.336,0.193,0.074,0.040,0.009,0.005,0.007,0.028,0.016,0.083,0.026,0.086,0.125,0.029,0.054,0.019,0.025,0.046,0.050,0.031,0.111,0.124,0.052,0.083,0.014,0.040,0.056,0.061,0.022,0.022,0.065,0.050,0.043,0.028,0.031,0.033,0.144,0.058,0.057,0.053,0.077,0.029,0.042,0.039,0.058,0.068,0.081,0.114,0.101,0.064,0.062,0.055,0.057,0.036,0.028,0.048,0.036,0.089,0.122,0.091,0.101,0.135,0.098,0.049,0.027,0.031,0.091,0.099,0.056,0.091,0.131,0.057,0.172,0.065,0.085,0.045,0.035,0.026,0.014,0.040,0.063,0.196,0.172,0.055,0.054,0.043,0.022,0.013,0.101,0.061,0.023,0.013,0.026,0.012,0.093,0.295,0.039,0.021,0.006,0.014,0.138,0.006,0.079,0.058,0.020,0.258,0.340,0.025,0.013,0.005,0.028,0.038,0.032,0.025,0.054,0.103,0.129,0.079,0.047,0.023,0.099,0.208,0.059,0.137,0.007,0.007,0.012,0.010,0.579,0.134,0.191,0.124,0.088,0.125,0.034,0.035,0.020,0.071,0.083,0.030,0.384,0.092,0.207,,,,,,,,,,,,,,,,,,,,
49f670cb2961,GGAAAAGGCGUCGAGUAGACGCCAACAACGGAAACCUGAAAGAUCAAAAAAAAAAAGAUCAAGUACAAAAAAAAAAAGUACAACAGGAAAAAAAAAAAGCAUAGGUUCGCCUAUGCAAACCAAACCGUCAGCGAGUAGCUGACAAAAAGAAACAACAACAACAAC,DMS,TODS1_DMS_0001.rdat,,3.781,1,3.706,-1.158,-5.024,-0.163,0.368,0.464,0.463,0.263,0.065,0.067,0.117,0.264,0.236,0.297,0.267,0.205,0.200,0.108,0.120,0.155,0.158,0.179,0.309,0.456,0.321,0.346,0.338,0.295,0.165,0.146,0.291,0.487,0.550,0.441,0.298,0.146,0.170,0.343,0.598,0.577,0.389,0.196,0.128,0.034,0.071,0.025,0.029,0.033,0.067,0.156,0.288,0.306,0.492,0.610,0.556,0.329,0.109,0.109,0.118,0.280,0.507,0.248,0.092,0.081,0.074,0.022,0.029,0.045,0.102,0.195,0.400,0.414,0.348,0.584,0.631,0.704,0.317,0.071,0.158,0.273,0.436,1.026,0.878,0.339,0.167,0.161,0.110,0.096,0.040,0.027,0.108,0.333,0.705,0.182,0.207,0.670,0.736,0.515,0.030,0.009,0.035,0.072,0.180,0.000,0.068,0.038,0.046,0.379,0.442,0.096,0.069,0.004,0.129,0.232,0.332,0.138,1.439,1.247,0.877,0.459,0.763,0.798,0.835,1.509,1.261,0.508,0.027,0.051,0.147,0.300,4.333,2.556,0.414,0.927,0.548,0.280,0.635,0.527,0.247,0.318,0.231,0.590,0.805,1.397,2.046,,,,,,,,,,,,,,,,,,,,,2.584,3.059,0.902,0.169,0.054,0.019,0.038,0.062,0.031,0.007,0.036,0.028,0.035,0.028,0.019,0.035,0.014,0.009,0.015,0.015,0.019,0.028,0.024,0.024,0.027,0.011,0.044,0.015,0.019,0.021,0.036,0.054,0.020,0.012,0.041,0.025,0.022,0.042,0.027,0.040,0.020,0.013,0.007,0.005,0.015,0.004,0.009,0.008,0.011,0.016,0.004,0.047,0.035,0.053,0.056,0.033,0.020,0.006,0.009,0.008,0.013,0.043,0.022,0.012,0.006,0.018,0.013,0.009,0.009,0.008,0.039,0.038,0.010,0.073,0.106,0.085,0.060,0.026,0.015,0.013,0.017,0.102,0.035,0.070,0.040,0.010,0.023,0.006,0.001,0.001,0.013,0.007,0.075,0.016,0.015,0.052,0.087,0.201,0.019,0.004,0.002,0.001,0.065,0.012,0.047,0.010,0.007,0.181,0.279,0.026,0.017,0.001,0.017,0.041,0.048,0.017,0.081,0.024,0.041,0.038,0.066,0.053,0.020,0.093,0.152,0.026,0.004,0.016,0.019,0.018,2.118,0.790,0.127,0.125,0.081,0.023,0.109,0.133,0.023,0.067,0.065,0.045,0.173,0.106,0.608,,,,,,,,,,,,,,,,,,,,
49f670cb2961,GGAAAAGGCGUCGAGUAGACGCCAACAACGGAAACCUGAAAGAUCAAAAAAAAAAAGAUCAAGUACAAAAAAAAAAAGUACAACAGGAAAAAAAAAAAGCAUAGGUUCGCCUAUGCAAACCAAACCGUCAGCGAGUAGCUGACAAAAAGAAACAACAACAACAAC,DMS,TODS1_DMS_0001.rdat,,3.533,1,8.304,1.655,-4.846,-0.118,0.487,0.492,0.490,0.306,0.069,0.057,0.081,0.210,0.224,0.276,0.319,0.238,0.292,0.158,0.172,0.232,0.206,0.220,0.290,0.408,0.284,0.317,0.308,0.255,0.097,0.072,0.193,0.414,0.465,0.312,0.144,0.010,0.029,0.220,0.502,0.462,0.281,0.088,0.021,-0.048,0.041,-0.034,-0.019,-0.010,0.037,0.160,0.304,0.321,0.533,0.661,0.634,0.369,0.122,0.116,0.131,0.299,0.540,0.261,0.075,0.069,0.061,0.011,0.036,0.026,0.082,0.163,0.397,0.433,0.299,0.586,0.636,0.735,0.276,-0.029,0.055,0.179,0.399,1.145,0.982,0.334,0.146,0.139,0.100,0.086,0.016,0.003,0.099,0.430,0.995,0.213,0.229,0.730,0.816,0.512,0.020,0.000,0.016,0.063,0.261,-0.001,0.066,0.035,0.066,0.869,0.170,0.100,0.064,0.038,0.254,0.411,0.298,0.309,1.447,1.270,0.833,0.483,0.999,0.877,0.862,1.423,1.056,0.458,-0.022,0.056,0.247,0.585,6.108,0.000,0.585,1.774,1.437,1.034,-0.060,-2.309,-1.373,0.229,0.363,0.785,1.239,2.607,1.537,,,,,,,,,,,,,,,,,,,,,1.910,2.723,0.650,0.081,0.021,0.007,0.027,0.058,0.028,0.003,0.034,0.052,0.031,0.032,0.032,0.034,0.018,0.011,0.009,0.011,0.030,0.031,0.036,0.043,0.024,0.017,0.051,0.026,0.015,0.024,0.041,0.078,0.033,0.029,0.051,0.029,0.032,0.052,0.025,0.067,0.029,0.024,0.013,0.004,0.018,0.002,0.009,0.005,0.010,0.019,0.006,0.060,0.046,0.061,0.060,0.038,0.014,0.006,0.008,0.011,0.012,0.048,0.026,0.013,0.003,0.020,0.013,0.005,0.017,0.023,0.022,0.018,0.027,0.077,0.135,0.078,0.051,0.017,0.016,0.004,0.017,0.114,0.037,0.071,0.039,0.013,0.023,0.007,0.003,0.003,0.015,0.010,0.112,0.020,0.022,0.069,0.113,0.242,0.021,0.009,0.000,0.003,0.079,0.042,0.041,0.012,0.009,0.290,0.289,0.050,0.027,0.008,0.041,0.060,0.079,0.105,0.192,0.169,0.162,0.085,0.115,0.103,0.137,0.318,0.275,0.149,0.010,0.005,0.009,0.205,1.400,0.745,0.159,0.249,0.213,0.119,0.043,0.111,0.017,0.081,0.080,0.092,0.110,0.561,0.550,,,,,,,,,,,,,,,,,,,,
49f670cb2961,GGAAAAGGCGUCGAGUAGACGCCAACAACGGAAACCUGAAAGAUCAAAAAAAAAAAGAUCAAGUACAAAAAAAAAAAGUACAACAGGAAAAAAAAAAAGCAUAGGUUCGCCUAUGCAAACCAAACCGUCAGCGAGUAGCUGACAAAAAGAAACAACAACAACAAC,DMS,TODS1_DMS_0001.rdat,,3.185,1,2.862,-1.762,-3.315,-0.760,0.284,0.475,0.531,0.328,0.091,0.073,0.173,0.331,0.322,0.362,0.346,0.264,0.262,0.099,0.081,0.135,0.138,0.189,0.256,0.360,0.275,0.272,0.293,0.242,0.086,0.075,0.225,0.433,0.455,0.270,0.001,-0.069,0.006,0.214,0.513,0.519,0.296,0.100,0.008,-0.083,-0.041,-0.063,-0.032,-0.017,0.022,0.140,0.285,0.318,0.535,0.649,0.634,0.317,0.039,0.015,0.042,0.222,0.465,0.241,0.067,0.055,0.028,-0.014,0.001,0.004,0.077,0.174,0.434,0.454,0.312,0.615,0.665,0.756,0.297,-0.036,0.035,0.165,0.408,1.197,1.048,0.335,0.145,0.142,0.123,0.096,0.007,0.000,0.128,0.622,1.455,0.243,0.233,0.744,0.795,0.437,0.000,0.000,0.000,0.034,0.347,-0.002,0.005,0.002,0.028,1.024,-0.151,-0.034,0.033,0.033,0.395,0.490,0.289,0.298,1.368,1.260,0.814,0.465,0.864,0.876,0.822,1.474,1.248,0.447,0.001,0.060,0.357,0.603,6.447,0.000,0.220,0.912,0.218,0.176,0.733,0.222,0.105,0.287,0.159,0.506,0.899,1.707,0.974,,,,,,,,,,,,,,,,,,,,,1.621,3.620,0.662,0.090,0.018,0.003,0.018,0.062,0.027,0.013,0.033,0.074,0.028,0.047,0.043,0.029,0.025,0.010,0.011,0.020,0.038,0.016,0.041,0.051,0.009,0.029,0.034,0.012,0.017,0.022,0.035,0.049,0.020,0.007,0.041,0.027,0.020,0.034,0.045,0.029,0.018,0.012,0.009,0.004,0.005,0.010,0.016,0.015,0.022,0.031,0.015,0.051,0.026,0.038,0.039,0.024,0.012,0.007,0.005,0.018,0.024,0.041,0.022,0.015,0.004,0.016,0.011,0.005,0.019,0.026,0.015,0.017,0.028,0.077,0.136,0.073,0.057,0.020,0.011,0.004,0.013,0.118,0.040,0.075,0.045,0.012,0.034,0.010,0.001,0.003,0.019,0.011,0.179,0.031,0.025,0.092,0.124,0.261,0.014,0.008,0.002,0.006,0.101,0.073,0.014,0.005,0.006,0.323,0.279,0.054,0.030,0.020,0.067,0.070,0.086,0.099,0.175,0.169,0.161,0.089,0.091,0.099,0.130,0.322,0.288,0.137,0.007,0.008,0.011,0.146,1.633,0.857,0.075,0.150,0.042,0.022,0.042,0.091,0.021,0.074,0.073,0.075,0.151,0.374,0.483,,,,,,,,,,,,,,,,,,,,
49f670cb2961,GGAAAAGGCGUCGAGUAGACGCCAACAACGGAAACCUGAAAGAUCAAAAAAAAAAAGAUCAAGUACAAAAAAAAAAAGUACAACAGGAAAAAAAAAAAGCAUAGGUUCGCCUAUGCAAACCAAACCGUCAGCGAGUAGCUGACAAAAAGAAACAACAACAACAAC,DMS,TODS1_DMS_0001.rdat,,2.746,1,1.031,-1.240,-1.934,-0.648,0.263,0.424,0.435,0.258,0.067,0.068,0.188,0.374,0.380,0.404,0.389,0.365,0.372,0.169,0.097,0.104,0.136,0.143,0.200,0.270,0.129,0.155,0.206,0.161,-0.009,-0.048,0.117,0.333,0.335,0.142,-0.087,-0.138,-0.086,0.107,0.387,0.369,0.243,0.041,-0.087,-0.187,-0.115,-0.073,0.007,0.014,0.031,0.134,0.216,0.236,0.531,0.617,0.612,0.279,0.070,0.056,0.055,0.153,0.352,0.207,0.057,0.034,-0.025,-0.107,-0.105,-0.050,0.107,0.167,0.423,0.399,0.328,0.663,0.696,0.764,0.315,0.034,0.085,0.209,0.430,1.245,0.978,0.247,0.117,0.165,0.201,0.145,0.027,0.063,0.207,0.939,1.890,0.355,0.317,0.822,0.955,0.697,0.037,0.000,0.025,0.058,0.484,0.000,0.062,0.056,0.060,0.661,0.438,-0.018,0.042,0.017,0.460,0.451,0.351,0.140,0.883,1.207,0.975,0.499,0.564,0.847,0.778,1.792,1.496,0.481,0.032,0.030,0.255,0.310,5.390,2.406,0.306,0.769,0.341,0.198,0.727,0.275,0.127,0.232,0.126,0.415,1.014,0.796,1.311,,,,,,,,,,,,,,,,,,,,,2.519,5.830,0.915,0.113,0.029,0.015,0.022,0.052,0.027,0.009,0.042,0.074,0.035,0.045,0.043,0.041,0.027,0.012,0.009,0.014,0.025,0.022,0.032,0.043,0.015,0.020,0.041,0.017,0.022,0.027,0.043,0.071,0.024,0.017,0.047,0.029,0.031,0.060,0.031,0.074,0.043,0.033,0.013,0.011,0.009,0.005,0.014,0.009,0.010,0.017,0.009,0.070,0.053,0.081,0.082,0.047,0.020,0.011,0.008,0.008,0.013,0.052,0.040,0.019,0.006,0.036,0.023,0.011,0.015,0.015,0.048,0.047,0.018,0.091,0.148,0.108,0.065,0.027,0.018,0.005,0.014,0.144,0.049,0.084,0.058,0.013,0.043,0.013,0.001,0.004,0.030,0.012,0.225,0.041,0.018,0.079,0.126,0.302,0.026,0.006,0.001,0.003,0.137,0.042,0.045,0.013,0.009,0.298,0.414,0.042,0.023,0.007,0.054,0.067,0.064,0.019,0.060,0.049,0.071,0.067,0.043,0.035,0.006,0.137,0.161,0.033,0.005,0.012,0.033,0.018,2.678,0.825,0.148,0.103,0.059,0.027,0.086,0.075,0.016,0.056,0.057,0.030,0.258,0.084,0.360,,,,,,,,,,,,,,,,,,,,
49f670cb2961,GGAAAAGGCGUCGAGUAGACGCCAACAACGGAAACCUGAAAGAUCAAAAAAAAAAAGAUCAAGUACAAAAAAAAAAAGUACAACAGGAAAAAAAAAAAGCAUAGGUUCGCCUAUGCAAACCAAACCGUCAGCGAGUAGCUGACAAAAAGAAACAACAACAACAAC,DMS,TODS1_DMS_0001.rdat,,2.684,1,3.775,-4.250,-5.832,-0.188,0.364,0.468,0.398,0.172,0.067,0.080,0.189,0.414,0.429,0.529,0.512,0.395,0.382,0.154,0.064,0.040,0.078,0.101,0.195,0.289,0.178,0.177,0.195,0.141,-0.002,-0.012,0.132,0.355,0.335,0.108,-0.122,-0.117,-0.004,0.207,0.498,0.465,0.267,0.070,-0.066,-0.170,-0.116,-0.105,0.012,0.013,0.014,0.145,0.202,0.250,0.521,0.657,0.649,0.294,0.075,0.041,0.052,0.197,0.402,0.207,0.078,0.048,-0.064,-0.153,-0.190,-0.122,0.090,0.124,0.406,0.343,0.339,0.668,0.711,0.791,0.321,0.080,0.128,0.262,0.501,1.317,1.017,0.280,0.068,0.090,0.110,0.069,-0.021,0.097,0.224,1.050,1.630,0.326,0.329,0.806,0.982,0.684,0.041,0.003,0.034,0.069,0.358,0.000,0.064,0.056,0.077,0.470,0.568,-0.015,0.039,0.003,0.312,0.309,0.347,0.148,0.802,1.198,1.017,0.551,0.608,0.851,0.763,1.691,1.404,0.428,0.042,0.033,0.206,0.363,6.680,3.974,0.513,1.129,0.762,0.341,0.781,0.729,0.242,0.404,0.242,0.729,1.439,1.907,5.584,,,,,,,,,,,,,,,,,,,,,3.628,3.933,1.174,0.221,0.074,0.052,0.050,0.062,0.033,0.004,0.049,0.048,0.048,0.045,0.032,0.058,0.025,0.016,0.018,0.018,0.022,0.031,0.021,0.029,0.024,0.012,0.044,0.015,0.021,0.032,0.042,0.069,0.029,0.026,0.041,0.034,0.028,0.059,0.031,0.070,0.032,0.024,0.008,0.012,0.011,0.004,0.015,0.010,0.010,0.017,0.013,0.075,0.058,0.086,0.087,0.051,0.022,0.012,0.009,0.010,0.022,0.060,0.045,0.021,0.005,0.039,0.023,0.018,0.011,0.009,0.068,0.069,0.013,0.089,0.136,0.145,0.068,0.026,0.020,0.006,0.024,0.180,0.069,0.082,0.056,0.016,0.038,0.013,0.001,0.006,0.035,0.015,0.196,0.041,0.017,0.076,0.136,0.284,0.023,0.004,0.001,0.001,0.104,0.029,0.039,0.015,0.011,0.234,0.379,0.031,0.020,0.003,0.034,0.057,0.056,0.012,0.047,0.025,0.041,0.045,0.065,0.054,0.013,0.091,0.111,0.023,0.007,0.015,0.031,0.024,3.453,1.367,0.252,0.154,0.117,0.035,0.146,0.166,0.039,0.090,0.076,0.070,0.330,0.315,1.586,,,,,,,,,,,,,,,,,,,,
49f670cb2961,GGAAAAGGCGUCGAGUAGACGCCAACAACGGAAACCUGAAAGAUCAAAAAAAAAAAGAUCAAGUACAAAAAAAAAAAGUACAACAGGAAAAAAAAAAAGCAUAGGUUCGCCUAUGCAAACCAAACCGUCAGCGAGUAGCUGACAAAAAGAAACAACAACAACAAC,DMS,TODS1_DMS_0001.rdat,,0.522,0,13.950,-11.090,-11.362,-1.163,0.457,0.515,0.381,0.078,0.013,0.067,0.129,0.367,0.449,0.550,0.529,0.325,0.325,0.065,-0.083,-0.149,0.011,0.211,0.431,0.614,0.399,0.336,0.454,0.382,0.121,0.078,0.402,0.826,0.830,0.519,0.248,0.401,0.629,0.934,1.255,0.973,0.488,0.113,-0.220,-0.506,-0.419,-0.214,0.077,0.022,-0.090,0.069,-0.099,0.017,0.472,0.582,0.587,0.160,0.147,0.220,0.275,0.449,0.707,0.443,0.161,0.026,-0.299,-0.620,-0.848,-0.632,-0.040,-0.331,-0.031,-0.336,-0.207,0.542,0.476,0.626,0.209,0.022,0.113,0.354,0.579,1.578,0.982,0.076,-0.416,-0.287,-0.149,-0.148,-0.185,0.250,0.134,1.010,0.808,0.124,0.418,0.763,1.064,0.481,0.033,-0.005,0.011,0.017,0.135,0.000,0.018,0.019,-0.042,0.548,-0.801,-0.393,-0.116,-0.011,0.100,0.079,0.173,0.304,0.893,1.304,1.053,0.238,0.392,1.057,0.747,1.308,0.436,-0.171,0.002,-0.001,0.129,0.045,1.498,-0.053,0.208,0.417,0.089,-0.125,0.775,0.060,-0.043,0.002,-0.034,0.288,0.220,0.387,-0.240,,,,,,,,,,,,,,,,,,,,,14.894,9.294,1.593,0.212,0.053,0.048,0.053,0.065,0.035,0.005,0.049,0.053,0.076,0.069,0.080,0.066,0.036,0.012,0.007,0.014,0.046,0.014,0.087,0.109,0.011,0.046,0.066,0.033,0.086,0.086,0.079,0.114,0.043,0.032,0.080,0.095,0.095,0.147,0.075,0.157,0.084,0.070,0.034,0.037,0.009,0.008,0.043,0.026,0.028,0.040,0.029,0.148,0.081,0.122,0.132,0.081,0.076,0.031,0.030,0.028,0.039,0.145,0.136,0.073,0.018,0.106,0.052,0.035,0.039,0.028,0.082,0.063,0.036,0.112,0.241,0.182,0.097,0.046,0.066,0.013,0.061,0.275,0.100,0.143,0.125,0.035,0.074,0.019,0.002,0.019,0.041,0.023,0.187,0.059,0.015,0.107,0.229,0.332,0.019,0.004,0.003,0.002,0.055,0.034,0.029,0.027,0.011,0.260,0.287,0.039,0.014,0.003,0.018,0.024,0.024,0.035,0.085,0.147,0.165,0.055,0.024,0.050,0.103,0.220,0.097,0.055,0.000,0.006,0.004,0.010,0.828,0.095,0.149,0.082,0.044,0.051,0.055,0.046,0.014,0.030,0.055,0.030,0.104,0.059,0.263,,,,,,,,,,,,,,,,,,,,
49f670cb2961,GGAAAAGGCGUCGAGUAGACGCCAACAACGGAAACCUGAAAGAUCAAAAAAAAAAAGAUCAAGUACAAAAAAAAAAAGUACAACAGGAAAAAAAAAAAGCAUAGGUUCGCCUAUGCAAACCAAACCGUCAGCGAGUAGCUGACAAAAAGAAACAACAACAACAAC,DMS,TODS1_DMS_0001.rdat,,3.208,1,0.381,-3.470,-0.543,-0.037,0.454,0.517,0.464,0.264,0.071,0.083,0.166,0.324,0.353,0.473,0.453,0.278,0.246,0.008,-0.128,-0.185,-0.029,0.110,0.268,0.424,0.279,0.227,0.229,0.180,0.063,0.064,0.193,0.401,0.416,0.190,-0.115,-0.160,-0.017,0.201,0.544,0.570,0.347,0.186,0.097,0.018,0.043,-0.006,0.012,0.045,0.080,0.198,0.352,0.403,0.632,0.786,0.735,0.427,0.106,0.041,0.042,0.237,0.540,0.245,0.077,0.067,0.039,0.005,0.022,0.022,0.093,0.215,0.444,0.455,0.373,0.645,0.714,0.778,0.326,0.056,0.122,0.209,0.491,1.328,1.272,0.311,0.152,0.109,0.090,0.067,0.020,0.026,0.118,0.339,0.710,0.181,0.233,0.742,0.851,0.472,0.029,0.005,0.034,0.068,0.195,0.000,0.055,0.087,0.116,0.564,0.522,-0.179,-0.044,-0.023,0.126,0.144,0.243,0.140,1.115,1.151,0.882,0.364,0.517,0.923,0.806,1.579,1.739,0.961,0.086,0.020,0.179,0.404,9.348,2.705,1.035,1.370,0.835,0.356,0.791,0.801,0.271,0.415,0.176,0.583,0.973,1.289,4.929,,,,,,,,,,,,,,,,,,,,,3.329,3.943,1.153,0.207,0.082,0.024,0.041,0.065,0.029,0.004,0.035,0.034,0.038,0.033,0.024,0.046,0.021,0.011,0.012,0.015,0.024,0.027,0.027,0.029,0.032,0.009,0.041,0.013,0.014,0.021,0.040,0.063,0.023,0.016,0.044,0.023,0.019,0.038,0.025,0.043,0.019,0.014,0.005,0.006,0.007,0.006,0.012,0.007,0.011,0.017,0.006,0.058,0.048,0.074,0.074,0.048,0.018,0.007,0.009,0.009,0.021,0.051,0.023,0.010,0.005,0.018,0.016,0.013,0.006,0.007,0.048,0.057,0.008,0.077,0.120,0.113,0.067,0.027,0.018,0.005,0.013,0.161,0.082,0.076,0.041,0.009,0.026,0.009,0.001,0.003,0.012,0.005,0.095,0.018,0.015,0.081,0.127,0.239,0.019,0.003,0.001,0.005,0.064,0.015,0.042,0.012,0.012,0.229,0.348,0.035,0.020,0.002,0.019,0.040,0.051,0.027,0.080,0.053,0.078,0.053,0.025,0.021,0.030,0.134,0.087,0.085,0.017,0.011,0.026,0.034,4.446,0.836,0.273,0.174,0.121,0.039,0.149,0.207,0.038,0.088,0.066,0.084,0.255,0.228,1.342,,,,,,,,,,,,,,,,,,,,
49f670cb2961,GGAAAAGGCGUCGAGUAGACGCCAACAACGGAAACCUGAAAGAUCAAAAAAAAAAAGAUCAAGUACAAAAAAAAAAAGUACAACAGGAAAAAAAAAAAGCAUAGGUUCGCCUAUGCAAACCAAACCGUCAGCGAGUAGCUGACAAAAAGAAACAACAACAACAAC,DMS,TODS1_DMS_0001.rdat,,2.909,1,-0.446,-5.022,-0.998,-0.234,0.526,0.500,0.455,0.175,0.025,0.075,0.167,0.373,0.387,0.475,0.459,0.175,0.156,-0.066,-0.266,-0.366,-0.176,0.020,0.208,0.418,0.222,0.273,0.174,0.128,0.003,-0.034,0.101,0.292,0.266,0.048,-0.154,-0.250,-0.065,0.176,0.523,0.510,0.285,0.136,0.026,-0.037,0.074,-0.042,-0.005,0.039,0.070,0.181,0.300,0.336,0.604,0.776,0.727,0.370,0.122,0.019,0.028,0.265,0.593,0.262,0.129,0.114,0.070,0.022,-0.002,-0.011,0.106,0.236,0.487,0.467,0.415,0.728,0.835,0.916,0.364,0.117,0.198,0.293,0.602,1.525,1.318,0.349,0.181,0.128,0.069,0.059,0.002,0.034,0.124,0.402,0.721,0.197,0.247,0.843,0.983,0.497,0.033,0.012,0.049,0.113,0.205,-0.000,0.130,0.117,0.178,0.792,0.541,-0.251,-0.141,-0.043,0.060,-0.023,0.127,0.180,1.031,1.153,0.868,0.436,0.566,0.985,0.829,1.507,1.536,0.509,0.033,0.070,0.251,0.595,12.769,1.987,1.760,1.919,1.458,0.692,1.128,1.531,0.663,0.990,0.638,1.397,2.171,3.524,9.582,,,,,,,,,,,,,,,,,,,,,3.920,4.464,1.441,0.314,0.109,0.054,0.054,0.068,0.030,0.008,0.037,0.025,0.045,0.055,0.047,0.063,0.027,0.014,0.022,0.029,0.005,0.030,0.013,0.007,0.047,0.005,0.047,0.023,0.013,0.017,0.047,0.076,0.046,0.034,0.035,0.024,0.026,0.052,0.030,0.075,0.036,0.025,0.015,0.006,0.026,0.003,0.006,0.002,0.003,0.009,0.014,0.061,0.060,0.087,0.095,0.055,0.021,0.008,0.007,0.010,0.023,0.059,0.030,0.015,0.004,0.028,0.022,0.012,0.014,0.009,0.049,0.052,0.010,0.081,0.133,0.119,0.075,0.034,0.024,0.008,0.018,0.168,0.097,0.078,0.046,0.013,0.031,0.011,0.004,0.003,0.015,0.006,0.117,0.021,0.017,0.097,0.149,0.261,0.013,0.002,0.001,0.009,0.074,0.020,0.071,0.017,0.016,0.317,0.334,0.038,0.019,0.001,0.023,0.041,0.052,0.041,0.099,0.096,0.102,0.057,0.013,0.016,0.038,0.145,0.143,0.041,0.002,0.014,0.021,0.062,5.414,0.630,0.656,0.241,0.208,0.075,0.222,0.356,0.103,0.196,0.162,0.220,0.532,0.866,2.493,,,,,,,,,,,,,,,,,,,,
49f670cb2961,GGAAAAGGCGUCGAGUAGACGCCAACAACGGAAACCUGAAAGAUCAAAAAAAAAAAGAUCAAGUACAAAAAAAAAAAGUACAACAGGAAAAAAAAAAAGCAUAGGUUCGCCUAUGCAAACCAAACCGUCAGCGAGUAGCUGACAAAAAGAAACAACAACAACAAC,DMS,TODS1_DMS_0001.rdat,,1.389,1,15.121,4.003,-19.537,-4.999,-0.947,-0.027,0.178,0.134,0.033,0.048,0.149,0.187,0.101,0.006,0.023,0.155,0.199,0.193,0.299,0.393,0.274,0.164,0.099,0.043,-0.049,-0.033,-0.022,-0.079,-0.217,-0.313,-0.145,0.094,0.023,-0.085,-0.143,-0.297,-0.357,-0.263,-0.190,-0.181,-0.221,-0.422,-0.477,-0.553,-0.266,-0.135,-0.050,-0.138,-0.190,-0.184,-0.256,-0.236,-0.002,-0.055,0.007,-0.127,-0.096,-0.001,0.013,0.015,0.074,0.115,-0.041,-0.090,-0.215,-0.301,-0.389,-0.170,-0.005,-0.091,0.035,-0.079,-0.024,0.337,0.388,0.410,0.105,-0.116,-0.007,0.100,0.284,1.072,0.748,0.176,0.151,0.214,0.312,0.191,0.013,0.211,0.272,1.114,2.128,0.619,0.494,0.609,0.887,0.807,0.020,0.033,0.000,0.152,0.619,-0.036,0.181,0.132,0.119,0.633,1.139,0.329,0.247,0.023,0.509,0.744,1.000,0.185,0.483,1.353,1.074,1.505,1.122,0.583,0.509,3.092,4.611,1.142,0.082,0.110,0.318,1.105,17.430,11.532,1.509,2.310,1.882,0.625,0.626,1.485,0.353,0.256,0.699,1.310,1.966,2.241,8.663,,,,,,,,,,,,,,,,,,,,,23.859,11.287,1.282,0.307,0.023,0.008,0.016,0.011,0.006,0.060,0.040,0.188,0.053,0.145,0.232,0.040,0.033,0.020,0.053,0.088,0.063,0.014,0.089,0.095,0.038,0.081,0.033,0.058,0.064,0.084,0.037,0.055,0.112,0.108,0.026,0.020,0.056,0.084,0.202,0.137,0.085,0.067,0.063,0.040,0.019,0.035,0.050,0.063,0.062,0.118,0.129,0.045,0.099,0.114,0.112,0.022,0.017,0.039,0.045,0.084,0.145,0.053,0.054,0.149,0.104,0.031,0.050,0.037,0.087,0.074,0.111,0.117,0.135,0.018,0.070,0.107,0.045,0.027,0.029,0.068,0.063,0.121,0.093,0.175,0.154,0.058,0.027,0.055,0.004,0.047,0.082,0.212,0.194,0.033,0.059,0.058,0.029,0.259,0.041,0.011,0.009,0.013,0.266,0.040,0.096,0.029,0.068,0.138,1.069,0.045,0.031,0.002,0.053,0.129,0.115,0.014,0.028,0.069,0.023,0.065,0.192,0.056,0.058,0.006,0.053,0.075,0.049,0.054,0.044,0.072,8.747,3.608,0.633,0.323,0.300,0.078,0.132,0.210,0.119,0.123,0.228,0.142,0.250,0.526,1.197,,,,,,,,,,,,,,,,,,,,
49f670cb2961,GGAAAAGGCGUCGAGUAGACGCCAACAACGGAAACCUGAAAGAUCAAAAAAAAAAAGAUCAAGUACAAAAAAAAAAAGUACAACAGGAAAAAAAAAAAGCAUAGGUUCGCCUAUGCAAACCAAACCGUCAGCGAGUAGCUGACAAAAAGAAACAACAACAACAAC,DMS,TODS1_DMS_0001.rdat,,1.635,1,15.551,2.264,-11.232,-2.045,-0.084,0.269,0.325,0.223,0.089,-0.009,0.106,0.076,0.155,0.043,0.124,0.291,0.307,0.218,0.254,0.326,0.251,0.165,0.052,0.057,-0.038,-0.013,0.061,0.010,-0.157,-0.206,-0.044,0.192,0.126,-0.010,-0.032,-0.219,-0.255,-0.145,0.008,0.065,-0.040,-0.182,-0.257,-0.295,-0.135,-0.092,-0.038,-0.083,-0.138,-0.111,-0.095,-0.066,0.181,0.238,0.257,0.098,-0.026,0.005,-0.028,-0.022,0.073,0.054,-0.104,-0.184,-0.240,-0.278,-0.296,-0.152,-0.012,-0.033,0.165,0.099,0.075,0.556,0.659,0.630,0.231,-0.059,-0.011,0.083,0.300,1.211,0.844,0.269,0.215,0.300,0.388,0.267,0.058,0.106,0.191,0.945,2.417,0.693,0.426,0.814,1.128,1.366,0.074,0.013,0.000,0.120,0.638,0.337,-0.014,0.124,0.019,-0.116,0.873,0.212,0.135,0.005,0.661,0.735,0.745,0.123,0.650,1.350,1.168,0.980,0.759,0.689,0.649,2.765,2.951,1.218,0.124,0.050,0.375,0.685,12.088,11.647,0.438,1.921,1.629,0.624,0.761,1.299,0.243,0.232,0.733,1.378,2.957,2.206,13.388,,,,,,,,,,,,,,,,,,,,,13.177,10.243,1.424,0.246,0.024,0.022,0.030,0.028,0.025,0.058,0.039,0.177,0.063,0.190,0.241,0.046,0.052,0.031,0.076,0.109,0.063,0.032,0.091,0.099,0.055,0.090,0.064,0.072,0.045,0.073,0.035,0.071,0.115,0.108,0.025,0.024,0.053,0.081,0.198,0.128,0.083,0.073,0.073,0.047,0.010,0.032,0.037,0.057,0.056,0.108,0.131,0.060,0.118,0.138,0.132,0.040,0.020,0.035,0.043,0.087,0.137,0.029,0.044,0.118,0.085,0.045,0.058,0.040,0.079,0.078,0.132,0.134,0.131,0.041,0.056,0.156,0.061,0.033,0.036,0.059,0.087,0.188,0.145,0.163,0.153,0.058,0.046,0.070,0.003,0.034,0.073,0.238,0.407,0.036,0.067,0.126,0.117,0.207,0.038,0.007,0.010,0.020,0.308,0.100,0.113,0.017,0.058,0.230,0.776,0.001,0.014,0.006,0.107,0.120,0.085,0.013,0.055,0.153,0.062,0.017,0.195,0.095,0.091,0.099,0.218,0.141,0.068,0.034,0.071,0.038,6.757,4.177,1.081,0.279,0.256,0.071,0.147,0.179,0.094,0.100,0.209,0.151,0.223,0.540,1.263,,,,,,,,,,,,,,,,,,,,
49f670cb2961,GGAAAAGGCGUCGAGUAGACGCCAACAACGGAAACCUGAAAGAUCAAAAAAAAAAAGAUCAAGUACAAAAAAAAAAAGUACAACAGGAAAAAAAAAAAGCAUAGGUUCGCCUAUGCAAACCAAACCGUCAGCGAGUAGCUGACAAAAAGAAACAACAACAACAAC,DMS,TODS1_DMS_0001.rdat,,1.923,1,6.902,-2.365,-5.188,-1.095,0.423,0.556,0.546,0.360,0.128,0.075,0.148,0.193,0.251,0.160,0.169,0.304,0.341,0.186,0.155,0.164,0.170,0.158,0.133,0.127,-0.012,-0.053,0.101,0.037,-0.142,-0.161,0.072,0.320,0.254,0.069,-0.066,-0.186,-0.205,-0.045,0.122,0.187,0.089,-0.096,-0.196,-0.270,-0.163,-0.088,-0.018,-0.039,-0.043,-0.000,0.050,0.142,0.410,0.494,0.502,0.238,0.040,0.015,-0.031,-0.025,0.145,0.134,-0.055,-0.139,-0.175,-0.208,-0.224,-0.110,0.027,0.070,0.330,0.312,0.206,0.755,0.909,0.847,0.382,0.065,0.054,0.136,0.319,1.314,0.959,0.244,0.075,0.229,0.324,0.238,0.068,0.084,0.166,0.765,2.253,0.580,0.390,0.942,1.227,1.321,0.051,0.037,0.036,0.109,0.700,0.136,0.044,0.111,0.042,0.370,0.582,0.018,0.060,0.025,0.679,0.634,0.434,0.142,0.806,1.325,1.153,0.526,0.553,0.836,0.781,2.122,1.825,0.789,0.058,0.057,0.395,0.348,6.955,3.744,0.419,1.134,0.676,0.243,0.681,0.613,0.131,0.208,0.458,0.915,2.366,1.295,5.037,,,,,,,,,,,,,,,,,,,,,6.447,8.162,1.021,0.344,0.074,0.019,0.023,0.014,0.006,0.040,0.019,0.121,0.036,0.122,0.155,0.033,0.062,0.023,0.043,0.067,0.059,0.018,0.081,0.093,0.039,0.064,0.036,0.059,0.030,0.040,0.029,0.056,0.103,0.085,0.015,0.015,0.045,0.069,0.178,0.120,0.081,0.064,0.059,0.038,0.013,0.025,0.028,0.042,0.050,0.089,0.115,0.056,0.126,0.152,0.140,0.058,0.019,0.034,0.035,0.079,0.126,0.020,0.036,0.078,0.056,0.039,0.053,0.038,0.058,0.074,0.131,0.128,0.099,0.065,0.046,0.169,0.060,0.030,0.030,0.050,0.084,0.186,0.156,0.129,0.115,0.039,0.034,0.050,0.006,0.020,0.057,0.172,0.311,0.021,0.045,0.106,0.052,0.280,0.044,0.009,0.012,0.008,0.275,0.047,0.033,0.017,0.026,0.072,0.563,0.017,0.009,0.002,0.073,0.097,0.059,0.009,0.049,0.058,0.021,0.036,0.111,0.082,0.037,0.097,0.008,0.047,0.024,0.023,0.056,0.011,3.618,1.397,0.311,0.157,0.111,0.037,0.138,0.120,0.047,0.066,0.136,0.063,0.253,0.297,0.562,,,,,,,,,,,,,,,,,,,,
49f670cb2961,GGAAAAGGCGUCGAGUAGACGCCAACAACGGAAACCUGAAAGAUCAAAAAAAAAAAGAUCAAGUACAAAAAAAAAAAGUACAACAGGAAAAAAAAAAAGCAUAGGUUCGCCUAUGCAAACCAAACCGUCAGCGAGUAGCUGACAAAAAGAAACAACAACAACAAC,DMS,TODS1_DMS_0001.rdat,,4.527,1,5.732,2.636,-3.184,-0.253,0.545,0.542,0.504,0.332,0.121,0.078,0.108,0.192,0.223,0.224,0.228,0.282,0.324,0.131,0.040,0.013,0.057,0.118,0.153,0.242,0.204,0.177,0.201,0.139,-0.005,-0.025,0.173,0.405,0.350,0.177,0.014,-0.063,-0.025,0.155,0.352,0.415,0.278,0.104,-0.025,-0.117,-0.061,-0.055,0.009,0.009,0.001,0.082,0.188,0.320,0.571,0.705,0.707,0.402,0.142,0.081,0.061,0.137,0.310,0.250,0.086,0.020,-0.048,-0.099,-0.106,-0.061,0.045,0.100,0.392,0.383,0.286,0.872,0.978,0.969,0.442,0.088,0.118,0.184,0.438,1.435,1.053,0.321,0.115,0.138,0.154,0.115,0.025,0.056,0.123,0.564,1.543,0.388,0.336,0.951,1.239,1.099,0.049,0.025,0.042,0.080,0.463,0.044,0.057,0.064,0.042,0.489,0.473,-0.038,0.022,0.012,0.424,0.368,0.286,0.136,0.825,1.246,1.069,0.442,0.606,0.921,0.838,1.659,1.059,0.568,0.020,0.047,0.311,0.263,5.890,1.444,0.682,1.088,0.530,0.266,0.903,0.575,0.175,0.288,0.501,1.005,2.185,1.695,5.827,,,,,,,,,,,,,,,,,,,,,3.000,0.749,0.417,0.247,0.061,0.012,0.009,0.030,0.018,0.017,0.013,0.070,0.021,0.069,0.082,0.023,0.056,0.021,0.021,0.037,0.038,0.012,0.061,0.074,0.026,0.048,0.015,0.033,0.019,0.023,0.013,0.029,0.069,0.050,0.012,0.008,0.028,0.044,0.129,0.084,0.063,0.042,0.034,0.023,0.007,0.019,0.021,0.027,0.037,0.063,0.088,0.028,0.094,0.107,0.105,0.057,0.021,0.025,0.026,0.056,0.098,0.015,0.021,0.045,0.035,0.014,0.027,0.024,0.043,0.061,0.092,0.097,0.089,0.031,0.072,0.119,0.061,0.025,0.015,0.034,0.055,0.110,0.122,0.093,0.069,0.020,0.010,0.026,0.006,0.013,0.039,0.099,0.124,0.011,0.023,0.066,0.004,0.270,0.038,0.006,0.007,0.003,0.158,0.018,0.018,0.011,0.010,0.137,0.352,0.017,0.010,0.002,0.039,0.058,0.039,0.008,0.045,0.023,0.062,0.040,0.066,0.067,0.012,0.110,0.012,0.024,0.011,0.011,0.031,0.017,2.733,0.556,0.173,0.140,0.080,0.034,0.142,0.122,0.040,0.061,0.119,0.023,0.293,0.328,1.730,,,,,,,,,,,,,,,,,,,,
49f670cb2961,GGAAAAGGCGUCGAGUAGACGCCAACAACGGAAACCUGAAAGAUCAAAAAAAAAAAGAUCAAGUACAAAAAAAAAAAGUACAACAGGAAAAAAAAAAAGCAUAGGUUCGCCUAUGCAAACCAAACCGUCAGCGAGUAGCUGACAAAAAGAAACAACAACAACAAC,DMS,TODS1_DMS_0001.rdat,,3.987,1,0.212,1.161,1.359,1.346,0.827,0.562,0.464,0.290,0.068,-0.037,-0.063,-0.053,0.014,0.047,0.011,0.080,0.146,0.011,-0.045,-0.030,0.019,0.119,0.189,0.344,0.246,0.251,0.155,0.089,-0.036,-0.015,0.133,0.318,0.365,0.290,0.242,0.084,0.103,0.281,0.516,0.546,0.379,0.238,0.179,0.108,0.140,0.045,0.041,0.075,0.125,0.238,0.428,0.482,0.681,0.788,0.735,0.502,0.226,0.190,0.180,0.360,0.654,0.398,0.168,0.167,0.167,0.088,0.073,0.079,0.141,0.314,0.622,0.695,0.490,0.893,0.986,1.062,0.554,0.159,0.234,0.397,0.582,1.393,1.194,0.562,0.323,0.242,0.122,0.080,0.043,0.041,0.112,0.283,0.911,0.227,0.297,0.889,0.995,0.736,0.014,0.007,0.035,0.027,0.029,0.021,0.023,0.013,0.049,0.315,0.310,0.017,0.003,0.003,-0.023,-0.049,0.089,0.139,1.910,1.330,0.989,0.127,0.744,0.959,0.990,0.964,0.079,0.160,0.001,-0.039,-0.016,-0.067,-2.156,0.991,0.002,0.383,0.184,0.084,0.397,0.392,0.033,0.065,0.312,0.708,1.027,1.354,6.076,,,,,,,,,,,,,,,,,,,,,0.897,1.637,0.419,0.075,0.018,0.013,0.018,0.045,0.020,0.003,0.023,0.027,0.013,0.030,0.024,0.017,0.013,0.006,0.005,0.015,0.036,0.011,0.047,0.050,0.002,0.023,0.023,0.006,0.007,0.013,0.021,0.028,0.022,0.020,0.027,0.010,0.007,0.016,0.057,0.016,0.025,0.012,0.015,0.012,0.020,0.012,0.013,0.016,0.020,0.032,0.034,0.038,0.022,0.019,0.020,0.020,0.012,0.019,0.015,0.039,0.064,0.033,0.022,0.020,0.010,0.014,0.004,0.008,0.031,0.049,0.017,0.032,0.054,0.067,0.145,0.047,0.076,0.036,0.015,0.008,0.012,0.043,0.059,0.104,0.069,0.012,0.020,0.008,0.005,0.004,0.029,0.028,0.017,0.006,0.008,0.014,0.074,0.244,0.030,0.006,0.004,0.004,0.072,0.012,0.074,0.010,0.012,0.160,0.282,0.019,0.015,0.002,0.013,0.038,0.041,0.008,0.107,0.045,0.034,0.024,0.115,0.107,0.076,0.013,0.026,0.064,0.025,0.016,0.016,0.010,1.931,1.272,0.214,0.192,0.149,0.032,0.152,0.137,0.075,0.080,0.189,0.124,0.443,0.491,9.476,,,,,,,,,,,,,,,,,,,,
49f670cb2961,GGAAAAGGCGUCGAGUAGACGCCAACAACGGAAACCUGAAAGAUCAAAAAAAAAAAGAUCAAGUACAAAAAAAAAAAGUACAACAGGAAAAAAAAAAAGCAUAGGUUCGCCUAUGCAAACCAAACCGUCAGCGAGUAGCUGACAAAAAGAAACAACAACAACAAC,DMS,TODS1_DMS_0001.rdat,,3.330,1,0.985,2.206,1.150,1.535,1.011,0.671,0.542,0.316,0.073,-0.025,-0.061,-0.072,0.023,0.050,0.007,0.113,0.155,0.025,-0.034,-0.039,0.016,0.116,0.213,0.385,0.297,0.231,0.227,0.161,0.003,0.003,0.158,0.382,0.445,0.327,0.181,0.091,0.124,0.292,0.545,0.592,0.415,0.246,0.160,0.089,0.080,0.041,0.044,0.071,0.134,0.251,0.475,0.520,0.744,0.870,0.841,0.571,0.231,0.176,0.165,0.356,0.656,0.411,0.163,0.142,0.140,0.071,0.063,0.083,0.132,0.324,0.655,0.735,0.481,0.926,1.041,1.105,0.575,0.142,0.210,0.357,0.549,1.433,1.219,0.539,0.308,0.221,0.112,0.072,0.040,0.030,0.099,0.275,0.913,0.223,0.295,0.905,1.010,0.746,0.021,0.007,0.036,0.035,0.014,-0.004,0.028,0.023,0.064,0.304,0.312,-0.041,-0.014,0.007,-0.047,-0.067,0.038,0.090,1.777,1.314,1.023,0.049,0.557,0.704,0.981,0.900,-0.038,0.134,0.001,-0.050,-0.286,-2.300,-5.238,2.511,-5.927,-0.736,0.327,0.112,0.538,0.633,0.144,0.226,0.536,1.184,1.568,2.890,4.448,,,,,,,,,,,,,,,,,,,,,0.793,1.524,0.391,0.098,0.016,0.020,0.023,0.050,0.023,0.002,0.017,0.033,0.013,0.036,0.033,0.016,0.018,0.007,0.009,0.020,0.040,0.007,0.048,0.062,0.007,0.028,0.023,0.010,0.012,0.015,0.027,0.033,0.024,0.016,0.035,0.013,0.009,0.020,0.048,0.020,0.022,0.011,0.012,0.007,0.005,0.008,0.014,0.013,0.024,0.037,0.033,0.044,0.022,0.021,0.023,0.022,0.012,0.017,0.014,0.038,0.061,0.035,0.021,0.021,0.010,0.012,0.003,0.005,0.029,0.049,0.022,0.034,0.052,0.071,0.153,0.047,0.077,0.037,0.015,0.009,0.017,0.043,0.075,0.105,0.068,0.011,0.016,0.013,0.006,0.004,0.034,0.038,0.025,0.005,0.002,0.007,0.059,0.237,0.028,0.005,0.007,0.004,0.075,0.005,0.044,0.008,0.013,0.143,0.311,0.015,0.009,0.001,0.014,0.039,0.034,0.013,0.125,0.072,0.014,0.013,0.141,0.116,0.087,0.037,0.035,0.075,0.029,0.012,0.027,0.007,1.903,1.413,0.225,0.208,0.159,0.033,0.166,0.147,0.078,0.084,0.203,0.127,0.528,0.606,5.024,,,,,,,,,,,,,,,,,,,,
49f670cb2961,GGAAAAGGCGUCGAGUAGACGCCAACAACGGAAACCUGAAAGAUCAAAAAAAAAAAGAUCAAGUACAAAAAAAAAAAGUACAACAGGAAAAAAAAAAAGCAUAGGUUCGCCUAUGCAAACCAAACCGUCAGCGAGUAGCUGACAAAAAGAAACAACAACAACAAC,DMS,TODS1_DMS_0001.rdat,,4.143,1,0.400,3.243,0.830,1.341,0.905,0.653,0.549,0.332,0.081,0.003,-0.058,-0.061,0.020,0.047,0.009,0.106,0.142,0.018,-0.040,-0.051,0.006,0.102,0.180,0.345,0.285,0.215,0.217,0.146,-0.003,-0.007,0.143,0.372,0.418,0.317,0.163,0.061,0.097,0.273,0.507,0.560,0.403,0.239,0.159,0.100,0.084,0.048,0.041,0.061,0.124,0.242,0.461,0.536,0.757,0.882,0.839,0.568,0.231,0.167,0.161,0.330,0.634,0.390,0.168,0.129,0.134,0.071,0.085,0.085,0.128,0.320,0.660,0.776,0.516,1.012,1.113,1.162,0.611,0.151,0.211,0.339,0.542,1.414,1.239,0.546,0.318,0.235,0.098,0.065,0.043,0.032,0.095,0.270,0.928,0.247,0.318,0.930,1.037,0.766,0.025,0.010,0.035,0.014,-0.028,0.011,-0.003,0.013,0.053,0.251,0.363,-0.011,-0.020,-0.005,-0.102,-0.121,0.037,0.071,1.620,1.276,1.016,0.117,0.680,0.878,0.959,0.893,-0.064,0.082,0.050,-0.048,-0.102,-0.091,-4.867,2.550,0.534,0.052,0.450,0.156,0.247,0.534,0.013,0.018,0.375,0.765,1.163,1.370,3.086,,,,,,,,,,,,,,,,,,,,,0.768,1.366,0.358,0.105,0.017,0.009,0.016,0.048,0.026,0.002,0.014,0.037,0.012,0.037,0.033,0.015,0.023,0.006,0.012,0.020,0.035,0.006,0.055,0.063,0.005,0.031,0.019,0.011,0.012,0.014,0.023,0.031,0.024,0.010,0.032,0.011,0.007,0.014,0.048,0.017,0.024,0.013,0.013,0.009,0.006,0.013,0.012,0.015,0.022,0.039,0.037,0.036,0.025,0.022,0.024,0.026,0.013,0.019,0.017,0.046,0.072,0.028,0.019,0.023,0.012,0.010,0.005,0.009,0.032,0.057,0.036,0.056,0.062,0.057,0.141,0.049,0.080,0.034,0.013,0.014,0.024,0.034,0.092,0.105,0.072,0.012,0.014,0.018,0.007,0.005,0.035,0.043,0.048,0.004,0.003,0.019,0.049,0.235,0.031,0.006,0.007,0.004,0.076,0.006,0.034,0.006,0.013,0.121,0.297,0.011,0.004,0.001,0.019,0.036,0.028,0.028,0.194,0.137,0.051,0.012,0.186,0.141,0.147,0.133,0.050,0.111,0.048,0.014,0.029,0.007,0.604,1.770,0.321,0.169,0.201,0.041,0.118,0.070,0.039,0.079,0.208,0.130,0.510,0.646,5.263,,,,,,,,,,,,,,,,,,,,
49f670cb2961,GGAAAAGGCGUCGAGUAGACGCCAACAACGGAAACCUGAAAGAUCAAAAAAAAAAAGAUCAAGUACAAAAAAAAAAAGUACAACAGGAAAAAAAAAAAGCAUAGGUUCGCCUAUGCAAACCAAACCGUCAGCGAGUAGCUGACAAAAAGAAACAACAACAACAAC,DMS,TODS1_DMS_0001.rdat,,4.187,1,4.244,4.284,-0.976,0.928,0.823,0.629,0.541,0.287,0.055,-0.042,-0.099,-0.082,0.003,0.003,-0.041,0.122,0.188,0.043,-0.036,-0.063,0.005,0.142,0.197,0.357,0.324,0.263,0.298,0.215,0.041,0.022,0.189,0.426,0.482,0.347,0.171,0.072,0.071,0.203,0.422,0.503,0.367,0.205,0.139,0.070,0.067,0.053,0.049,0.075,0.164,0.304,0.584,0.660,0.885,1.030,0.956,0.656,0.287,0.218,0.208,0.372,0.626,0.415,0.169,0.132,0.123,0.074,0.084,0.093,0.162,0.372,0.685,0.817,0.525,1.026,1.115,1.145,0.572,0.080,0.111,0.233,0.452,1.331,1.152,0.481,0.277,0.189,0.103,0.074,0.046,0.046,0.151,0.303,1.114,0.300,0.373,1.007,1.098,0.723,0.028,0.011,0.041,0.009,-0.043,-0.001,0.002,0.008,0.044,0.224,0.248,-0.030,-0.017,-0.015,-0.112,-0.143,0.052,0.051,1.095,1.105,1.025,0.123,0.576,0.788,0.842,0.910,-0.060,-0.034,0.043,-0.047,-0.102,-0.038,-4.772,0.414,2.040,-0.136,0.659,0.219,0.250,0.653,0.070,0.049,0.372,0.726,0.939,1.659,0.108,,,,,,,,,,,,,,,,,,,,,0.826,1.734,0.458,0.083,0.016,0.018,0.031,0.056,0.030,0.002,0.014,0.029,0.012,0.034,0.030,0.018,0.023,0.009,0.011,0.018,0.036,0.007,0.048,0.064,0.004,0.032,0.026,0.014,0.017,0.014,0.026,0.037,0.024,0.011,0.035,0.011,0.006,0.012,0.048,0.016,0.025,0.015,0.014,0.006,0.007,0.013,0.014,0.018,0.028,0.048,0.046,0.045,0.028,0.023,0.026,0.027,0.016,0.017,0.015,0.041,0.062,0.028,0.017,0.019,0.009,0.011,0.005,0.006,0.035,0.059,0.021,0.043,0.055,0.078,0.168,0.049,0.080,0.038,0.011,0.009,0.019,0.038,0.077,0.097,0.065,0.011,0.016,0.016,0.009,0.005,0.045,0.041,0.036,0.005,0.003,0.007,0.086,0.256,0.027,0.004,0.004,0.002,0.062,0.000,0.032,0.004,0.006,0.143,0.301,0.009,0.003,0.001,0.019,0.028,0.021,0.029,0.205,0.181,0.099,0.025,0.208,0.112,0.169,0.197,0.020,0.089,0.042,0.008,0.017,0.015,0.089,0.871,1.178,0.072,0.176,0.049,0.087,0.088,0.008,0.055,0.150,0.168,0.360,0.375,1.696,,,,,,,,,,,,,,,,,,,,
49f670cb2961,GGAAAAGGCGUCGAGUAGACGCCAACAACGGAAACCUGAAAGAUCAAAAAAAAAAAGAUCAAGUACAAAAAAAAAAAGUACAACAGGAAAAAAAAAAAGCAUAGGUUCGCCUAUGCAAACCAAACCGUCAGCGAGUAGCUGACAAAAAGAAACAACAACAACAAC,DMS,TODS1_DMS_0001.rdat,,3.380,1,7.354,5.701,-1.680,-0.074,0.463,0.468,0.401,0.212,0.052,-0.028,-0.044,-0.058,-0.008,-0.019,-0.040,0.145,0.284,0.114,0.050,0.044,0.079,0.145,0.133,0.213,0.177,0.140,0.218,0.176,0.024,-0.006,0.124,0.322,0.416,0.434,0.481,0.387,0.218,0.256,0.425,0.517,0.455,0.365,0.333,0.150,0.057,0.037,0.030,0.062,0.147,0.271,0.518,0.524,0.666,0.754,0.724,0.553,0.349,0.430,0.378,0.568,0.635,0.405,0.215,0.279,0.346,0.108,0.066,0.068,0.142,0.357,0.549,0.648,0.349,0.708,0.778,0.838,0.415,0.065,0.196,0.479,0.385,0.733,0.753,0.670,0.401,0.219,0.036,0.032,0.021,0.039,0.210,0.269,1.227,0.335,0.322,0.837,0.934,0.591,0.040,0.010,0.071,0.006,0.031,0.002,-0.003,0.043,0.040,1.316,0.952,0.038,0.005,-0.005,0.012,-0.022,0.083,0.071,0.702,0.945,0.789,0.156,0.819,0.748,0.777,1.054,0.068,-0.008,-0.010,0.033,0.094,-0.019,-0.179,0.010,-0.008,0.355,0.029,-0.014,0.598,0.068,-0.034,-0.054,-0.066,0.038,-0.305,0.139,0.033,,,,,,,,,,,,,,,,,,,,,1.276,6.644,0.780,0.094,0.033,0.026,0.026,0.042,0.020,0.002,0.008,0.015,0.009,0.021,0.018,0.023,0.026,0.011,0.006,0.013,0.032,0.005,0.033,0.042,0.003,0.026,0.017,0.009,0.011,0.011,0.014,0.021,0.028,0.037,0.021,0.021,0.016,0.016,0.036,0.016,0.023,0.015,0.016,0.009,0.007,0.009,0.011,0.015,0.024,0.038,0.031,0.044,0.019,0.019,0.021,0.021,0.018,0.027,0.016,0.047,0.047,0.028,0.026,0.024,0.009,0.026,0.007,0.004,0.029,0.051,0.012,0.024,0.034,0.063,0.128,0.041,0.061,0.027,0.017,0.034,0.013,0.029,0.066,0.125,0.085,0.027,0.015,0.008,0.008,0.002,0.054,0.025,0.021,0.008,0.006,0.011,0.073,0.203,0.023,0.004,0.005,0.001,0.054,0.005,0.024,0.007,0.023,0.559,0.602,0.022,0.005,0.001,0.007,0.010,0.011,0.004,0.040,0.080,0.030,0.004,0.108,0.061,0.032,0.059,0.017,0.011,0.004,0.010,0.021,0.013,0.174,0.088,0.018,0.065,0.023,0.011,0.142,0.064,0.009,0.015,0.033,0.022,0.129,0.032,0.093,,,,,,,,,,,,,,,,,,,,
49f670cb2961,GGAAAAGGCGUCGAGUAGACGCCAACAACGGAAACCUGAAAGAUCAAAAAAAAAAAGAUCAAGUACAAAAAAAAAAAGUACAACAGGAAAAAAAAAAAGCAUAGGUUCGCCUAUGCAAACCAAACCGUCAGCGAGUAGCUGACAAAAAGAAACAACAACAACAAC,DMS,TODS1_DMS_0001.rdat,,-0.099,0,11.510,-29.513,1.559,-1.425,0.614,-0.079,0.191,-0.294,0.017,0.040,0.104,-1.117,-0.240,-0.877,-3.477,0.111,0.195,-0.104,-0.168,-1.385,-0.406,0.067,-0.028,-0.537,-0.449,-0.145,0.031,-0.458,-0.414,-1.304,-0.060,0.669,0.438,0.193,-0.610,-0.258,0.042,0.179,0.384,-0.206,0.221,-0.409,-0.156,0.049,-0.283,-0.501,-0.303,-0.041,-0.062,-0.079,-0.535,0.347,0.974,0.897,0.582,0.372,0.108,0.141,0.224,0.307,0.053,0.394,0.248,0.192,0.226,-0.079,-0.292,-0.100,0.094,0.179,-0.343,-0.918,0.575,1.685,1.562,1.398,0.700,0.153,-0.069,-0.700,0.901,2.382,2.035,0.543,0.245,0.189,-0.145,-0.258,-0.202,-0.088,-0.012,0.051,-0.877,0.006,0.273,1.414,1.671,0.911,-0.041,-0.038,-0.007,-0.108,-0.069,-0.093,-0.020,0.181,-0.115,0.548,0.704,-0.588,-0.161,-0.046,0.044,0.113,0.064,0.479,1.630,1.553,1.459,0.067,0.579,1.523,1.388,0.636,-0.349,-0.603,-0.122,0.092,1.687,-0.147,1.564,0.941,0.190,1.088,0.148,-0.929,1.215,0.735,1.407,0.878,0.607,0.895,0.890,0.886,1.000,,,,,,,,,,,,,,,,,,,,,1.575,6.602,0.695,0.118,0.021,0.071,0.030,0.057,0.027,0.004,0.029,0.038,0.034,0.035,0.028,0.046,0.024,0.011,0.010,0.009,0.025,0.013,0.034,0.045,0.003,0.033,0.028,0.013,0.028,0.030,0.036,0.047,0.023,0.008,0.035,0.031,0.021,0.032,0.070,0.027,0.026,0.017,0.014,0.006,0.008,0.011,0.019,0.023,0.031,0.050,0.038,0.063,0.032,0.043,0.041,0.028,0.015,0.011,0.010,0.024,0.040,0.052,0.046,0.039,0.025,0.032,0.012,0.008,0.045,0.060,0.040,0.047,0.077,0.146,0.282,0.114,0.113,0.053,0.022,0.027,0.023,0.184,0.040,0.144,0.083,0.016,0.032,0.011,0.008,0.011,0.049,0.022,0.048,0.012,0.004,0.008,0.111,0.355,0.047,0.015,0.013,0.001,0.066,0.020,0.027,0.050,0.062,0.578,1.085,0.079,0.046,0.017,0.043,0.113,0.131,0.040,0.096,0.085,0.132,0.101,0.064,0.054,0.044,0.241,0.197,0.090,0.027,0.039,0.047,0.184,1.103,0.610,1.230,0.410,0.343,0.084,0.420,0.399,0.350,0.439,0.440,0.042,0.163,0.177,0.004,,,,,,,,,,,,,,,,,,,,
49f670cb2961,GGAAAAGGCGUCGAGUAGACGCCAACAACGGAAACCUGAAAGAUCAAAAAAAAAAAGAUCAAGUACAAAAAAAAAAAGUACAACAGGAAAAAAAAAAAGCAUAGGUUCGCCUAUGCAAACCAAACCGUCAGCGAGUAGCUGACAAAAAGAAACAACAACAACAAC,DMS,TODS1_DMS_0001.rdat,,4.733,1,7.406,3.418,-2.408,0.790,0.904,0.563,0.446,0.220,0.043,-0.024,-0.008,0.044,0.086,0.133,0.181,0.284,0.352,0.203,0.181,0.204,0.157,0.140,0.185,0.253,0.164,0.179,0.217,0.160,0.050,0.040,0.198,0.414,0.387,0.198,0.085,-0.002,0.038,0.206,0.428,0.401,0.260,0.095,0.024,-0.016,0.026,0.008,0.007,-0.008,0.021,0.092,0.230,0.360,0.617,0.755,0.724,0.427,0.144,0.086,0.074,0.186,0.365,0.224,0.059,-0.011,-0.043,-0.050,-0.044,0.008,0.061,0.175,0.528,0.536,0.381,1.003,1.094,1.097,0.454,0.082,0.139,0.230,0.559,1.623,1.253,0.323,0.133,0.154,0.140,0.099,0.029,0.050,0.109,0.410,0.921,0.284,0.284,0.930,1.265,1.086,0.056,0.020,0.032,0.083,0.172,0.070,0.011,0.037,0.044,0.324,0.246,0.116,0.108,0.006,0.173,0.276,0.402,0.138,0.948,1.283,1.114,0.434,0.582,0.906,0.839,1.532,0.841,0.436,0.007,0.031,0.151,0.251,7.733,2.087,0.906,1.424,0.867,0.277,0.977,0.863,0.176,0.255,0.489,1.337,1.210,3.588,6.201,,,,,,,,,,,,,,,,,,,,,0.896,1.495,0.361,0.127,0.026,0.017,0.018,0.042,0.024,0.003,0.030,0.040,0.030,0.032,0.028,0.039,0.021,0.012,0.011,0.011,0.019,0.025,0.028,0.036,0.010,0.023,0.023,0.010,0.017,0.024,0.034,0.047,0.013,0.005,0.033,0.026,0.015,0.029,0.050,0.022,0.018,0.012,0.012,0.006,0.004,0.010,0.016,0.016,0.023,0.040,0.033,0.045,0.024,0.023,0.026,0.020,0.010,0.013,0.011,0.034,0.050,0.042,0.030,0.039,0.029,0.015,0.005,0.007,0.042,0.054,0.032,0.051,0.084,0.069,0.171,0.053,0.075,0.035,0.012,0.026,0.024,0.045,0.074,0.105,0.064,0.015,0.014,0.016,0.004,0.009,0.030,0.059,0.050,0.009,0.028,0.091,0.056,0.199,0.031,0.004,0.009,0.007,0.080,0.023,0.012,0.009,0.017,0.136,0.410,0.019,0.019,0.001,0.017,0.047,0.052,0.011,0.051,0.033,0.025,0.024,0.093,0.118,0.084,0.048,0.046,0.041,0.020,0.010,0.022,0.021,3.524,0.914,0.228,0.190,0.136,0.040,0.191,0.213,0.069,0.074,0.147,0.117,0.317,0.630,1.803,,,,,,,,,,,,,,,,,,,,
49f670cb2961,GGAAAAGGCGUCGAGUAGACGCCAACAACGGAAACCUGAAAGAUCAAAAAAAAAAAGAUCAAGUACAAAAAAAAAAAGUACAACAGGAAAAAAAAAAAGCAUAGGUUCGCCUAUGCAAACCAAACCGUCAGCGAGUAGCUGACAAAAAGAAACAACAACAACAAC,DMS,TODS1_DMS_0001.rdat,,4.326,1,-0.123,0.180,0.992,1.201,0.755,0.498,0.365,0.176,0.049,0.047,0.102,0.142,0.167,0.243,0.293,0.317,0.357,0.220,0.207,0.199,0.171,0.147,0.192,0.257,0.153,0.107,0.227,0.165,0.101,0.106,0.191,0.322,0.313,0.185,0.017,0.067,0.098,0.248,0.418,0.385,0.233,0.138,0.071,0.012,-0.036,0.029,0.013,0.030,0.063,0.127,0.205,0.286,0.487,0.630,0.577,0.344,0.139,0.093,0.097,0.217,0.390,0.226,0.101,0.108,0.059,0.035,0.037,0.019,0.095,0.204,0.470,0.488,0.393,0.733,0.836,0.936,0.365,0.098,0.177,0.252,0.551,1.309,1.030,0.275,0.154,0.157,0.098,0.059,0.031,0.039,0.120,0.341,0.603,0.167,0.212,0.836,1.023,0.633,0.037,0.009,0.046,0.173,0.273,0.000,0.003,0.041,0.086,0.836,0.481,0.213,0.133,0.003,0.174,0.450,0.501,0.151,0.870,1.215,0.942,0.491,0.678,0.929,0.831,1.544,1.300,0.505,0.039,0.092,0.242,0.607,11.708,0.681,1.626,1.742,1.100,0.477,1.167,1.268,0.499,0.651,0.837,1.904,2.777,6.545,6.413,,,,,,,,,,,,,,,,,,,,,1.886,2.319,0.622,0.074,0.023,0.022,0.027,0.041,0.020,0.007,0.035,0.042,0.034,0.028,0.024,0.034,0.019,0.011,0.011,0.010,0.024,0.025,0.023,0.030,0.008,0.019,0.026,0.010,0.016,0.018,0.032,0.046,0.014,0.010,0.028,0.025,0.022,0.039,0.020,0.032,0.014,0.011,0.004,0.008,0.029,0.009,0.008,0.011,0.011,0.017,0.005,0.049,0.032,0.051,0.050,0.030,0.018,0.005,0.004,0.012,0.013,0.044,0.035,0.021,0.012,0.022,0.010,0.006,0.017,0.023,0.027,0.019,0.031,0.096,0.169,0.093,0.066,0.028,0.019,0.006,0.021,0.137,0.045,0.066,0.038,0.007,0.025,0.005,0.003,0.002,0.016,0.010,0.063,0.014,0.008,0.070,0.148,0.275,0.027,0.007,0.001,0.008,0.081,0.017,0.110,0.017,0.014,0.338,0.425,0.059,0.047,0.002,0.028,0.075,0.109,0.029,0.087,0.129,0.152,0.095,0.021,0.025,0.050,0.222,0.216,0.064,0.003,0.021,0.023,0.054,4.886,0.256,0.753,0.228,0.167,0.054,0.202,0.316,0.097,0.141,0.215,0.175,0.405,0.854,1.270,,,,,,,,,,,,,,,,,,,,
49f670cb2961,GGAAAAGGCGUCGAGUAGACGCCAACAACGGAAACCUGAAAGAUCAAAAAAAAAAAGAUCAAGUACAAAAAAAAAAAGUACAACAGGAAAAAAAAAAAGCAUAGGUUCGCCUAUGCAAACCAAACCGUCAGCGAGUAGCUGACAAAAAGAAACAACAACAACAAC,DMS,TODS1_DMS_0001.rdat,,2.827,1,0.453,-0.224,0.752,1.095,0.575,0.439,0.352,0.130,-0.038,-0.049,0.016,0.162,0.180,0.232,0.412,0.333,0.345,0.322,0.277,0.414,0.296,0.167,0.162,0.258,0.142,-0.652,0.130,0.128,0.017,0.046,0.127,0.228,0.338,0.158,-0.619,-0.088,0.025,0.083,0.316,0.353,0.137,0.037,-0.038,-0.142,-0.587,-0.083,-0.074,-0.067,0.023,0.002,0.113,0.236,0.473,0.597,0.497,0.284,-0.021,-0.017,-0.068,0.093,0.264,0.156,0.003,-0.012,-0.067,-0.066,-0.091,-0.069,-0.039,0.080,0.432,0.410,0.325,0.737,0.905,1.038,0.382,0.104,0.166,0.191,0.633,1.418,1.379,0.358,0.144,0.094,0.102,0.064,-0.077,-0.038,0.029,0.233,0.757,0.167,0.084,0.796,1.066,0.899,-0.066,-0.059,-0.087,0.081,0.135,0.007,-0.548,-0.181,-0.254,0.321,1.543,0.258,0.189,0.002,0.138,0.536,0.814,-0.086,0.878,1.418,1.122,0.684,0.562,0.767,0.732,2.358,2.287,0.836,-0.172,-0.237,-0.279,0.210,17.232,4.328,-0.943,1.020,1.441,0.444,1.235,1.830,0.364,0.713,0.739,2.002,3.311,8.151,10.774,,,,,,,,,,,,,,,,,,,,,2.991,4.145,0.948,0.109,0.042,0.030,0.020,0.035,0.017,0.020,0.048,0.074,0.049,0.045,0.051,0.047,0.024,0.019,0.015,0.022,0.037,0.030,0.035,0.049,0.003,0.033,0.018,0.010,0.023,0.025,0.024,0.030,0.025,0.019,0.026,0.020,0.015,0.025,0.061,0.019,0.018,0.010,0.010,0.008,0.017,0.012,0.016,0.020,0.019,0.039,0.033,0.050,0.022,0.031,0.033,0.024,0.020,0.006,0.009,0.025,0.034,0.060,0.057,0.039,0.023,0.026,0.012,0.008,0.025,0.039,0.027,0.026,0.054,0.116,0.215,0.094,0.082,0.038,0.023,0.020,0.012,0.139,0.034,0.109,0.068,0.013,0.024,0.014,0.007,0.007,0.030,0.039,0.020,0.005,0.006,0.006,0.095,0.335,0.040,0.006,0.010,0.005,0.122,0.003,0.106,0.019,0.019,0.301,0.838,0.070,0.048,0.006,0.037,0.106,0.152,0.013,0.061,0.049,0.087,0.109,0.061,0.082,0.014,0.213,0.212,0.047,0.006,0.021,0.050,0.070,8.522,1.652,0.704,0.398,0.309,0.085,0.304,0.479,0.159,0.200,0.336,0.246,0.654,1.684,1.749,,,,,,,,,,,,,,,,,,,,
49f670cb2961,GGAAAAGGCGUCGAGUAGACGCCAACAACGGAAACCUGAAAGAUCAAAAAAAAAAAGAUCAAGUACAAAAAAAAAAAGUACAACAGGAAAAAAAAAAAGCAUAGGUUCGCCUAUGCAAACCAAACCGUCAGCGAGUAGCUGACAAAAAGAAACAACAACAACAAC,DMS,TODS1_DMS_0001.rdat,,5.094,1,-0.166,0.072,0.557,0.783,0.509,0.312,0.228,0.074,-0.018,-0.024,0.051,0.109,0.146,0.205,0.228,0.222,0.224,0.145,0.137,0.164,0.108,0.100,0.129,0.159,0.115,0.123,0.145,0.122,0.042,0.074,0.148,0.266,0.247,0.149,0.072,0.023,0.082,0.171,0.320,0.296,0.177,0.086,0.036,0.008,0.029,0.009,0.013,0.039,0.079,0.146,0.280,0.366,0.548,0.687,0.639,0.364,0.147,0.098,0.106,0.230,0.424,0.256,0.166,0.150,0.113,0.071,0.062,0.054,0.106,0.238,0.604,0.632,0.483,0.923,1.027,1.124,0.472,0.150,0.207,0.277,0.586,1.522,1.191,0.337,0.212,0.175,0.125,0.087,0.025,0.035,0.100,0.300,0.697,0.208,0.227,0.885,1.116,0.798,0.022,0.016,0.046,0.141,0.234,0.003,0.052,0.056,0.091,0.725,1.229,0.256,0.115,0.004,0.136,0.311,0.449,0.114,0.843,1.132,0.922,0.420,0.550,0.819,0.706,1.330,1.018,0.482,0.002,0.016,0.121,0.331,7.342,2.090,0.772,1.194,0.781,0.310,0.794,0.898,0.266,0.349,0.605,1.298,1.832,3.899,5.832,,,,,,,,,,,,,,,,,,,,,1.015,1.467,0.361,0.054,0.010,0.014,0.013,0.026,0.014,0.006,0.014,0.026,0.017,0.021,0.022,0.026,0.016,0.007,0.005,0.008,0.017,0.012,0.023,0.022,0.006,0.016,0.017,0.005,0.009,0.014,0.024,0.032,0.008,0.003,0.019,0.016,0.010,0.020,0.025,0.016,0.009,0.006,0.004,0.005,0.015,0.005,0.009,0.006,0.012,0.023,0.019,0.038,0.019,0.027,0.027,0.017,0.008,0.007,0.007,0.020,0.028,0.034,0.026,0.023,0.016,0.009,0.004,0.004,0.025,0.035,0.018,0.033,0.056,0.078,0.162,0.054,0.066,0.029,0.012,0.015,0.010,0.083,0.036,0.072,0.040,0.008,0.012,0.006,0.003,0.004,0.018,0.028,0.025,0.006,0.002,0.036,0.127,0.261,0.024,0.004,0.003,0.003,0.068,0.008,0.078,0.012,0.011,0.253,0.415,0.042,0.029,0.002,0.017,0.051,0.075,0.014,0.055,0.045,0.080,0.053,0.029,0.039,0.010,0.131,0.089,0.024,0.002,0.011,0.022,0.014,3.389,0.718,0.205,0.157,0.118,0.032,0.150,0.182,0.064,0.070,0.136,0.094,0.299,0.689,1.301,,,,,,,,,,,,,,,,,,,,
49f670cb2961,GGAAAAGGCGUCGAGUAGACGCCAACAACGGAAACCUGAAAGAUCAAAAAAAAAAAGAUCAAGUACAAAAAAAAAAAGUACAACAGGAAAAAAAAAAAGCAUAGGUUCGCCUAUGCAAACCAAACCGUCAGCGAGUAGCUGACAAAAAGAAACAACAACAACAAC,DMS,TODS1_DMS_0001.rdat,,5.230,1,0.891,1.678,1.202,1.441,0.902,0.613,0.481,0.246,0.067,0.008,0.009,0.055,0.127,0.197,0.243,0.313,0.364,0.201,0.186,0.188,0.133,0.137,0.187,0.258,0.208,0.239,0.252,0.209,0.086,0.082,0.214,0.406,0.407,0.282,0.148,0.056,0.109,0.256,0.484,0.494,0.343,0.196,0.117,0.072,0.075,0.044,0.046,0.053,0.082,0.179,0.339,0.418,0.674,0.837,0.800,0.491,0.203,0.134,0.107,0.228,0.437,0.243,0.099,0.078,0.051,0.032,0.043,0.056,0.106,0.229,0.530,0.564,0.430,0.854,0.926,1.025,0.401,0.093,0.142,0.229,0.493,1.317,1.057,0.234,0.111,0.106,0.073,0.068,0.034,0.042,0.098,0.317,0.653,0.176,0.223,0.917,1.122,0.619,0.030,0.011,0.056,0.091,0.150,-0.007,0.053,0.033,0.062,0.618,0.240,0.090,0.062,0.002,0.108,0.240,0.259,0.175,0.969,1.219,0.955,0.318,0.606,1.025,0.874,1.244,0.800,0.390,0.004,0.039,0.190,0.347,6.995,0.000,1.087,1.387,0.661,0.294,1.181,0.786,0.327,0.467,0.575,1.348,2.039,4.213,3.931,,,,,,,,,,,,,,,,,,,,,0.985,1.539,0.410,0.094,0.015,0.018,0.027,0.046,0.024,0.003,0.015,0.028,0.019,0.024,0.027,0.029,0.025,0.010,0.007,0.009,0.023,0.013,0.028,0.038,0.012,0.019,0.033,0.013,0.011,0.018,0.035,0.052,0.017,0.015,0.038,0.024,0.019,0.036,0.022,0.036,0.015,0.010,0.005,0.004,0.007,0.005,0.011,0.010,0.014,0.024,0.011,0.060,0.039,0.057,0.057,0.032,0.012,0.006,0.003,0.012,0.018,0.041,0.023,0.017,0.008,0.018,0.009,0.005,0.018,0.026,0.023,0.020,0.038,0.104,0.180,0.102,0.075,0.036,0.011,0.005,0.013,0.135,0.037,0.069,0.033,0.006,0.017,0.004,0.001,0.002,0.013,0.009,0.068,0.014,0.011,0.087,0.174,0.266,0.020,0.004,0.001,0.004,0.048,0.016,0.053,0.009,0.010,0.290,0.296,0.037,0.024,0.003,0.018,0.042,0.059,0.040,0.093,0.120,0.157,0.056,0.019,0.047,0.089,0.230,0.155,0.063,0.003,0.005,0.013,0.061,2.593,0.402,0.564,0.181,0.103,0.042,0.156,0.240,0.056,0.100,0.135,0.154,0.272,0.433,0.562,,,,,,,,,,,,,,,,,,,,
49f670cb2961,GGAAAAGGCGUCGAGUAGACGCCAACAACGGAAACCUGAAAGAUCAAAAAAAAAAAGAUCAAGUACAAAAAAAAAAAGUACAACAGGAAAAAAAAAAAGCAUAGGUUCGCCUAUGCAAACCAAACCGUCAGCGAGUAGCUGACAAAAAGAAACAACAACAACAAC,DMS,TODS1_DMS_0001.rdat,,5.374,1,0.889,1.449,1.030,1.409,0.865,0.565,0.444,0.230,0.048,-0.003,-0.001,0.040,0.102,0.168,0.183,0.283,0.316,0.171,0.149,0.149,0.122,0.114,0.187,0.251,0.194,0.286,0.259,0.208,0.098,0.086,0.215,0.378,0.389,0.268,0.190,0.059,0.097,0.226,0.431,0.465,0.365,0.224,0.141,0.066,0.107,0.040,0.029,0.040,0.091,0.173,0.310,0.365,0.567,0.672,0.631,0.420,0.196,0.161,0.119,0.218,0.380,0.257,0.125,0.101,0.073,0.018,0.014,0.055,0.123,0.282,0.663,0.741,0.565,1.042,1.116,1.210,0.535,0.134,0.211,0.304,0.490,1.343,1.110,0.296,0.178,0.160,0.118,0.100,0.045,0.046,0.105,0.330,0.813,0.231,0.288,1.000,1.185,0.672,0.022,0.012,0.049,0.093,0.150,-0.005,0.058,0.049,0.057,0.569,0.193,0.056,0.035,0.001,0.086,0.153,0.216,0.150,0.936,1.188,0.954,0.241,0.596,0.984,0.876,1.125,0.503,0.328,0.001,0.029,0.120,0.149,4.054,0.433,0.736,1.065,0.517,0.239,1.019,0.730,0.241,0.373,0.588,1.335,1.996,4.162,3.719,,,,,,,,,,,,,,,,,,,,,1.411,1.884,0.553,0.087,0.029,0.027,0.037,0.053,0.024,0.002,0.016,0.017,0.021,0.021,0.016,0.037,0.018,0.009,0.006,0.007,0.018,0.015,0.018,0.030,0.008,0.017,0.035,0.012,0.012,0.016,0.034,0.054,0.013,0.012,0.037,0.026,0.017,0.029,0.026,0.026,0.017,0.012,0.010,0.005,0.008,0.008,0.013,0.012,0.018,0.028,0.017,0.055,0.027,0.045,0.042,0.027,0.011,0.009,0.005,0.015,0.022,0.041,0.032,0.021,0.005,0.022,0.009,0.006,0.023,0.033,0.028,0.028,0.047,0.129,0.218,0.116,0.094,0.046,0.020,0.012,0.016,0.129,0.030,0.082,0.046,0.008,0.022,0.005,0.002,0.002,0.021,0.013,0.070,0.017,0.014,0.088,0.180,0.277,0.021,0.004,0.002,0.004,0.047,0.016,0.048,0.011,0.008,0.245,0.270,0.027,0.015,0.001,0.013,0.028,0.037,0.024,0.070,0.071,0.113,0.036,0.014,0.009,0.066,0.179,0.087,0.043,0.002,0.006,0.009,0.014,1.864,0.141,0.333,0.136,0.079,0.033,0.155,0.190,0.055,0.078,0.135,0.125,0.239,0.559,0.749,,,,,,,,,,,,,,,,,,,,
49f670cb2961,GGAAAAGGCGUCGAGUAGACGCCAACAACGGAAACCUGAAAGAUCAAAAAAAAAAAGAUCAAGUACAAAAAAAAAAAGUACAACAGGAAAAAAAAAAAGCAUAGGUUCGCCUAUGCAAACCAAACCGUCAGCGAGUAGCUGACAAAAAGAAACAACAACAACAAC,DMS,TODS1_DMS_0001.rdat,,5.235,1,1.208,2.228,1.803,1.457,0.853,0.421,0.360,0.202,0.041,-0.017,-0.053,-0.064,0.016,0.050,0.083,0.254,0.343,0.209,0.164,0.151,0.118,0.078,0.082,0.121,0.087,0.177,0.082,0.004,-0.103,-0.136,0.026,0.232,0.234,0.117,0.007,-0.194,-0.202,-0.003,0.112,0.082,0.081,0.040,0.023,0.039,0.130,0.036,-0.043,-0.093,-0.038,-0.049,0.118,0.254,0.549,0.656,0.567,0.486,0.241,0.235,0.163,0.223,0.327,0.122,0.016,-0.003,0.118,-0.056,-0.036,0.021,0.007,0.227,0.536,0.622,0.450,0.954,1.032,1.068,0.495,0.180,0.352,0.609,0.588,1.324,1.080,0.415,0.299,0.292,0.225,0.171,0.065,0.066,0.192,0.457,1.089,0.413,0.391,1.132,1.367,0.840,0.042,0.020,0.070,0.124,0.218,-0.002,0.072,0.085,0.068,0.608,0.589,0.116,0.046,0.008,0.118,0.180,0.285,0.240,1.112,1.491,1.211,0.390,0.839,1.186,1.083,1.442,0.704,0.531,0.011,0.038,0.149,0.173,4.400,0.619,0.851,1.250,0.659,0.339,1.205,0.962,0.315,0.492,0.833,1.835,2.656,4.418,3.892,,,,,,,,,,,,,,,,,,,,,0.826,1.382,0.323,0.096,0.049,0.022,0.023,0.041,0.020,0.004,0.015,0.033,0.012,0.034,0.042,0.022,0.030,0.015,0.009,0.014,0.027,0.005,0.040,0.052,0.004,0.033,0.035,0.011,0.018,0.022,0.030,0.049,0.015,0.006,0.046,0.034,0.022,0.038,0.043,0.054,0.034,0.033,0.016,0.021,0.012,0.010,0.022,0.021,0.029,0.042,0.019,0.087,0.042,0.065,0.064,0.051,0.047,0.026,0.014,0.034,0.039,0.105,0.110,0.074,0.016,0.072,0.028,0.012,0.040,0.050,0.029,0.029,0.067,0.112,0.236,0.098,0.107,0.060,0.062,0.053,0.042,0.145,0.030,0.141,0.108,0.020,0.047,0.010,0.004,0.004,0.039,0.023,0.086,0.030,0.007,0.085,0.198,0.318,0.027,0.006,0.001,0.004,0.065,0.014,0.053,0.025,0.010,0.286,0.338,0.028,0.015,0.000,0.015,0.031,0.036,0.028,0.078,0.088,0.132,0.046,0.041,0.008,0.073,0.201,0.079,0.055,0.002,0.006,0.011,0.016,1.943,0.195,0.358,0.162,0.100,0.043,0.187,0.231,0.069,0.099,0.174,0.143,0.333,0.286,0.745,,,,,,,,,,,,,,,,,,,,
49f670cb2961,GGAAAAGGCGUCGAGUAGACGCCAACAACGGAAACCUGAAAGAUCAAAAAAAAAAAGAUCAAGUACAAAAAAAAAAAGUACAACAGGAAAAAAAAAAAGCAUAGGUUCGCCUAUGCAAACCAAACCGUCAGCGAGUAGCUGACAAAAAGAAACAACAACAACAAC,DMS,TODS1_DMS_0001.rdat,,-0.075,0,1.491,2.057,2.923,3.256,0.959,0.315,1.297,0.390,0.042,-0.125,-0.592,-0.431,-0.849,-0.808,-0.917,-0.151,0.162,0.044,0.131,0.015,-0.062,-0.275,-0.412,-0.409,-0.517,-0.388,-0.801,-0.974,-0.817,-1.314,-0.654,-0.136,-0.591,-1.106,-2.068,-2.611,-2.746,-2.235,-2.620,-3.228,-2.407,-2.063,-1.523,-0.543,0.095,-0.027,-0.360,-0.738,-0.793,-1.216,-1.164,-0.931,-0.486,-0.765,-1.152,-0.525,-0.980,-1.055,-0.973,-1.262,-1.616,-1.495,-1.270,-1.616,-0.797,-0.707,-0.421,-0.078,-0.175,0.166,0.262,0.592,0.396,0.778,0.560,0.288,0.340,0.074,-0.024,0.404,0.177,0.655,0.634,0.339,0.435,0.640,0.727,0.677,0.251,0.210,0.653,1.004,2.479,1.050,0.853,1.271,1.791,1.614,0.255,0.336,0.331,0.854,1.116,0.000,-0.219,-0.431,-0.143,0.404,-0.045,0.232,0.093,0.340,0.791,0.638,0.895,0.484,1.162,1.740,1.401,0.482,1.060,1.227,1.187,1.237,0.199,0.597,0.014,0.155,0.460,-0.049,-0.354,0.197,0.329,0.363,-0.287,-0.100,0.622,0.018,-0.226,-0.171,0.235,0.618,1.568,2.324,1.368,,,,,,,,,,,,,,,,,,,,,1.981,2.673,0.686,0.408,0.092,0.008,0.045,0.117,0.040,0.023,0.080,0.062,0.059,0.062,0.047,0.059,0.038,0.022,0.029,0.020,0.019,0.040,0.096,0.121,0.018,0.061,0.126,0.076,0.096,0.091,0.120,0.154,0.061,0.080,0.156,0.147,0.102,0.195,0.088,0.289,0.281,0.288,0.142,0.166,0.091,0.025,0.060,0.040,0.033,0.067,0.078,0.300,0.187,0.228,0.231,0.180,0.233,0.123,0.076,0.058,0.063,0.359,0.486,0.282,0.057,0.279,0.146,0.068,0.078,0.072,0.155,0.133,0.086,0.193,0.398,0.229,0.257,0.151,0.243,0.084,0.152,0.337,0.069,0.443,0.437,0.083,0.202,0.046,0.015,0.019,0.141,0.046,0.284,0.121,0.007,0.093,0.248,0.613,0.176,0.183,0.006,0.035,0.575,0.230,0.126,0.245,0.010,0.420,0.583,0.026,0.022,0.078,0.160,0.160,0.152,0.047,0.080,0.201,0.215,0.146,0.123,0.031,0.097,0.277,0.040,0.183,0.002,0.022,0.022,0.012,2.238,0.197,0.807,0.267,0.121,0.115,0.159,0.204,0.084,0.273,0.332,0.376,0.361,0.349,0.730,,,,,,,,,,,,,,,,,,,,
49f670cb2961,GGAAAAGGCGUCGAGUAGACGCCAACAACGGAAACCUGAAAGAUCAAAAAAAAAAAGAUCAAGUACAAAAAAAAAAAGUACAACAGGAAAAAAAAAAAGCAUAGGUUCGCCUAUGCAAACCAAACCGUCAGCGAGUAGCUGACAAAAAGAAACAACAACAACAAC,DMS,TODS1_DMS_0001.rdat,,4.296,1,6.907,4.542,-1.679,0.489,0.517,0.389,0.295,0.195,0.039,-0.015,0.034,0.072,0.081,0.128,0.151,0.131,0.150,0.125,0.173,0.261,0.212,0.203,0.244,0.324,0.181,0.362,0.206,0.156,0.061,0.052,0.089,0.228,0.258,0.191,0.314,0.030,0.009,0.139,0.328,0.333,0.256,0.183,0.150,0.117,0.181,0.058,0.028,0.042,0.068,0.141,0.236,0.297,0.423,0.474,0.455,0.290,0.100,0.159,0.152,0.280,0.431,0.242,0.081,0.140,0.107,0.027,0.018,0.034,0.054,0.179,0.400,0.429,0.290,0.586,0.648,0.704,0.310,0.049,0.187,0.337,0.455,1.120,0.904,0.423,0.257,0.214,0.133,0.098,0.056,0.038,0.153,0.301,0.715,0.184,0.228,0.634,0.729,0.472,0.022,0.035,0.058,0.239,0.264,0.005,0.189,0.041,0.047,0.240,0.035,0.224,0.164,0.010,0.171,0.453,0.727,0.097,1.497,1.437,0.951,0.731,0.861,0.721,0.798,2.177,1.777,1.075,0.104,0.070,0.152,0.401,6.443,6.797,0.635,1.510,1.228,0.577,0.683,1.439,0.457,0.876,0.909,1.612,2.998,4.843,13.708,,,,,,,,,,,,,,,,,,,,,1.381,2.331,0.530,0.087,0.028,0.015,0.002,0.023,0.009,0.009,0.026,0.056,0.024,0.030,0.039,0.020,0.012,0.015,0.008,0.016,0.037,0.021,0.041,0.041,0.010,0.026,0.019,0.008,0.012,0.016,0.023,0.027,0.014,0.011,0.034,0.014,0.012,0.032,0.019,0.026,0.014,0.019,0.006,0.017,0.044,0.011,0.008,0.009,0.018,0.025,0.007,0.035,0.020,0.029,0.028,0.022,0.019,0.011,0.008,0.022,0.035,0.036,0.032,0.020,0.006,0.014,0.006,0.003,0.019,0.031,0.010,0.017,0.033,0.056,0.113,0.045,0.057,0.030,0.022,0.010,0.009,0.032,0.033,0.088,0.060,0.010,0.019,0.008,0.002,0.006,0.017,0.023,0.031,0.011,0.015,0.016,0.058,0.220,0.030,0.009,0.010,0.004,0.102,0.008,0.142,0.017,0.018,0.229,0.465,0.037,0.033,0.001,0.020,0.083,0.108,0.005,0.081,0.041,0.012,0.019,0.141,0.092,0.083,0.039,0.045,0.110,0.038,0.028,0.013,0.035,3.642,2.363,0.467,0.221,0.192,0.044,0.149,0.196,0.110,0.193,0.231,0.176,0.558,1.064,4.260,,,,,,,,,,,,,,,,,,,,
49f670cb2961,GGAAAAGGCGUCGAGUAGACGCCAACAACGGAAACCUGAAAGAUCAAAAAAAAAAAGAUCAAGUACAAAAAAAAAAAGUACAACAGGAAAAAAAAAAAGCAUAGGUUCGCCUAUGCAAACCAAACCGUCAGCGAGUAGCUGACAAAAAGAAACAACAACAACAAC,DMS,TODS1_DMS_0001.rdat,,4.873,1,1.080,3.994,0.289,0.782,0.568,0.530,0.509,0.277,0.050,0.010,0.033,0.106,0.140,0.204,0.200,0.155,0.156,0.124,0.154,0.228,0.172,0.161,0.230,0.314,0.199,0.284,0.189,0.162,0.082,0.095,0.153,0.259,0.313,0.238,0.246,0.090,0.096,0.214,0.375,0.379,0.265,0.167,0.115,0.063,0.128,0.045,0.032,0.052,0.081,0.149,0.278,0.302,0.438,0.513,0.473,0.300,0.143,0.153,0.154,0.295,0.489,0.269,0.135,0.151,0.126,0.046,0.050,0.039,0.099,0.236,0.489,0.532,0.388,0.639,0.703,0.791,0.414,0.117,0.240,0.383,0.515,1.173,0.989,0.461,0.239,0.196,0.111,0.084,0.035,0.027,0.124,0.256,0.692,0.166,0.208,0.642,0.711,0.533,0.018,0.017,0.038,0.154,0.223,-0.004,0.120,0.044,0.054,0.488,0.407,0.173,0.111,0.016,0.142,0.408,0.529,0.148,1.534,1.324,0.852,0.513,0.845,0.769,0.787,1.696,1.279,0.884,0.020,0.055,0.137,0.280,7.008,1.455,0.866,1.246,0.643,0.343,0.686,0.841,0.300,0.511,0.787,1.552,1.943,4.472,9.315,,,,,,,,,,,,,,,,,,,,,2.018,2.554,0.695,0.093,0.035,0.007,0.069,0.039,0.024,0.003,0.028,0.026,0.025,0.023,0.015,0.029,0.010,0.014,0.010,0.012,0.022,0.025,0.026,0.028,0.019,0.010,0.029,0.010,0.011,0.016,0.026,0.036,0.010,0.005,0.029,0.018,0.017,0.030,0.019,0.023,0.013,0.011,0.004,0.007,0.018,0.005,0.007,0.008,0.011,0.018,0.010,0.038,0.025,0.032,0.031,0.024,0.017,0.007,0.005,0.013,0.019,0.039,0.027,0.015,0.006,0.013,0.009,0.005,0.014,0.022,0.022,0.021,0.024,0.079,0.124,0.072,0.064,0.030,0.021,0.021,0.013,0.092,0.019,0.080,0.046,0.009,0.019,0.004,0.001,0.003,0.014,0.014,0.051,0.009,0.017,0.044,0.085,0.210,0.023,0.007,0.006,0.005,0.067,0.008,0.083,0.011,0.009,0.221,0.342,0.041,0.031,0.002,0.021,0.067,0.094,0.035,0.117,0.064,0.084,0.072,0.035,0.026,0.013,0.174,0.106,0.044,0.003,0.013,0.011,0.028,3.105,0.477,0.311,0.161,0.100,0.034,0.132,0.193,0.066,0.104,0.168,0.158,0.273,0.832,2.555,,,,,,,,,,,,,,,,,,,,
49f670cb2961,GGAAAAGGCGUCGAGUAGACGCCAACAACGGAAACCUGAAAGAUCAAAAAAAAAAAGAUCAAGUACAAAAAAAAAAAGUACAACAGGAAAAAAAAAAAGCAUAGGUUCGCCUAUGCAAACCAAACCGUCAGCGAGUAGCUGACAAAAAGAAACAACAACAACAAC,DMS,TODS1_DMS_0001.rdat,,6.498,1,1.278,1.285,1.119,1.110,0.734,0.716,0.474,0.295,0.082,0.011,0.018,0.078,0.136,0.195,0.192,0.179,0.190,0.113,0.130,0.196,0.148,0.196,0.263,0.354,0.261,0.391,0.230,0.194,0.075,0.076,0.159,0.327,0.370,0.319,0.393,0.141,0.138,0.253,0.468,0.496,0.397,0.269,0.198,0.130,0.186,0.053,0.055,0.072,0.106,0.201,0.351,0.380,0.532,0.607,0.556,0.388,0.170,0.176,0.166,0.321,0.526,0.311,0.134,0.173,0.167,0.059,0.043,0.071,0.114,0.254,0.470,0.556,0.400,0.667,0.741,0.790,0.416,0.113,0.239,0.420,0.495,1.106,0.904,0.501,0.266,0.209,0.107,0.083,0.025,0.029,0.100,0.238,0.698,0.162,0.224,0.630,0.693,0.465,0.007,0.006,0.046,0.151,0.170,0.005,0.129,0.051,0.083,0.461,0.274,0.104,0.074,0.015,0.098,0.225,0.326,0.157,1.457,1.200,0.835,0.381,0.782,0.792,0.816,1.356,0.838,0.679,0.018,0.044,0.105,0.182,4.128,1.467,0.600,1.078,0.570,0.304,0.660,0.805,0.259,0.396,0.728,1.512,2.109,4.785,7.876,,,,,,,,,,,,,,,,,,,,,0.563,0.983,0.227,0.105,0.030,0.010,0.001,0.041,0.021,0.009,0.008,0.040,0.011,0.039,0.028,0.016,0.017,0.006,0.013,0.023,0.037,0.006,0.039,0.060,0.008,0.029,0.020,0.008,0.008,0.011,0.023,0.026,0.015,0.006,0.024,0.017,0.012,0.029,0.026,0.025,0.015,0.012,0.006,0.011,0.030,0.013,0.010,0.007,0.015,0.021,0.018,0.043,0.021,0.026,0.029,0.019,0.013,0.014,0.007,0.031,0.035,0.034,0.017,0.015,0.004,0.015,0.004,0.004,0.019,0.033,0.011,0.021,0.039,0.060,0.116,0.040,0.060,0.029,0.014,0.014,0.012,0.042,0.025,0.081,0.048,0.014,0.016,0.005,0.002,0.002,0.017,0.016,0.037,0.009,0.013,0.040,0.083,0.184,0.018,0.002,0.005,0.004,0.051,0.011,0.088,0.009,0.010,0.171,0.236,0.024,0.017,0.003,0.012,0.038,0.052,0.029,0.095,0.040,0.067,0.037,0.042,0.027,0.012,0.127,0.066,0.033,0.002,0.014,0.009,0.015,1.949,0.504,0.168,0.142,0.086,0.026,0.126,0.151,0.060,0.079,0.156,0.117,0.244,0.826,1.405,,,,,,,,,,,,,,,,,,,,
49f670cb2961,GGAAAAGGCGUCGAGUAGACGCCAACAACGGAAACCUGAAAGAUCAAAAAAAAAAAGAUCAAGUACAAAAAAAAAAAGUACAACAGGAAAAAAAAAAAGCAUAGGUUCGCCUAUGCAAACCAAACCGUCAGCGAGUAGCUGACAAAAAGAAACAACAACAACAAC,DMS,TODS1_DMS_0001.rdat,,7.262,1,0.797,1.073,0.880,0.939,0.587,0.429,0.377,0.216,0.076,0.028,0.027,0.086,0.133,0.195,0.188,0.163,0.177,0.126,0.110,0.137,0.136,0.197,0.257,0.355,0.268,0.376,0.258,0.198,0.074,0.054,0.163,0.327,0.396,0.354,0.448,0.217,0.182,0.302,0.494,0.560,0.479,0.396,0.339,0.173,0.190,0.059,0.050,0.072,0.127,0.241,0.437,0.450,0.612,0.700,0.679,0.516,0.366,0.442,0.355,0.515,0.645,0.433,0.252,0.316,0.359,0.115,0.084,0.071,0.127,0.249,0.443,0.535,0.387,0.614,0.651,0.728,0.416,0.154,0.331,0.601,0.529,0.937,0.807,0.547,0.279,0.213,0.102,0.079,0.043,0.028,0.108,0.217,0.703,0.172,0.223,0.606,0.671,0.498,0.008,0.010,0.035,0.091,0.123,0.007,0.077,0.030,0.046,0.255,0.252,0.060,0.033,0.006,0.063,0.109,0.201,0.083,1.201,1.024,0.764,0.274,0.662,0.717,0.741,1.084,0.464,0.402,0.037,0.017,0.069,0.082,1.188,1.578,0.272,0.698,0.458,0.216,0.462,0.665,0.212,0.444,0.571,1.158,1.953,2.829,6.858,,,,,,,,,,,,,,,,,,,,,0.444,1.091,0.277,0.046,0.010,0.005,0.023,0.041,0.013,0.001,0.011,0.014,0.012,0.027,0.015,0.012,0.011,0.006,0.005,0.011,0.032,0.010,0.039,0.047,0.018,0.018,0.020,0.007,0.009,0.011,0.018,0.025,0.028,0.030,0.024,0.012,0.010,0.016,0.042,0.016,0.023,0.015,0.017,0.008,0.016,0.011,0.012,0.013,0.018,0.029,0.022,0.041,0.019,0.024,0.029,0.021,0.020,0.023,0.011,0.028,0.030,0.036,0.029,0.024,0.025,0.026,0.012,0.005,0.018,0.023,0.019,0.019,0.025,0.072,0.112,0.054,0.063,0.031,0.020,0.050,0.018,0.049,0.027,0.085,0.047,0.016,0.014,0.004,0.002,0.002,0.020,0.016,0.030,0.011,0.012,0.024,0.056,0.160,0.018,0.003,0.004,0.003,0.039,0.004,0.050,0.004,0.006,0.103,0.174,0.009,0.007,0.001,0.006,0.017,0.020,0.005,0.071,0.037,0.009,0.006,0.091,0.080,0.059,0.037,0.015,0.045,0.015,0.009,0.009,0.004,0.699,0.544,0.087,0.120,0.079,0.015,0.109,0.089,0.044,0.090,0.119,0.114,0.290,0.433,0.112,,,,,,,,,,,,,,,,,,,,
49f670cb2961,GGAAAAGGCGUCGAGUAGACGCCAACAACGGAAACCUGAAAGAUCAAAAAAAAAAAGAUCAAGUACAAAAAAAAAAAGUACAACAGGAAAAAAAAAAAGCAUAGGUUCGCCUAUGCAAACCAAACCGUCAGCGAGUAGCUGACAAAAAGAAACAACAACAACAAC,DMS,TODS1_DMS_0001.rdat,,7.439,1,1.185,2.182,1.868,1.141,0.624,0.451,0.360,0.198,0.074,0.035,-0.005,0.051,0.130,0.170,0.179,0.183,0.146,0.100,0.119,0.120,0.128,0.156,0.228,0.369,0.271,0.377,0.275,0.230,0.087,0.069,0.176,0.347,0.396,0.376,0.456,0.227,0.212,0.320,0.526,0.604,0.509,0.442,0.393,0.231,0.203,0.067,0.050,0.061,0.108,0.227,0.410,0.460,0.617,0.708,0.709,0.551,0.429,0.521,0.390,0.543,0.661,0.447,0.266,0.346,0.396,0.128,0.077,0.057,0.102,0.214,0.402,0.476,0.352,0.597,0.648,0.704,0.393,0.134,0.322,0.636,0.495,0.870,0.746,0.464,0.240,0.188,0.093,0.064,0.034,0.026,0.098,0.212,0.671,0.168,0.227,0.612,0.672,0.491,0.009,0.012,0.035,0.073,0.113,-0.001,0.074,0.015,0.038,0.221,0.242,0.069,0.033,0.007,0.072,0.106,0.203,0.097,1.068,1.018,0.778,0.265,0.622,0.752,0.783,1.123,0.573,0.467,0.036,0.020,0.073,0.079,1.467,1.389,0.261,0.720,0.401,0.196,0.474,0.632,0.189,0.468,0.564,1.064,1.781,2.884,7.844,,,,,,,,,,,,,,,,,,,,,0.804,1.221,0.294,0.065,0.020,0.014,0.036,0.044,0.016,0.005,0.012,0.013,0.014,0.017,0.013,0.016,0.010,0.005,0.006,0.010,0.026,0.012,0.027,0.038,0.013,0.015,0.022,0.009,0.009,0.013,0.030,0.029,0.015,0.015,0.029,0.014,0.012,0.023,0.028,0.023,0.018,0.017,0.014,0.009,0.017,0.005,0.014,0.013,0.017,0.026,0.019,0.046,0.019,0.025,0.030,0.024,0.022,0.026,0.010,0.030,0.027,0.033,0.029,0.027,0.025,0.029,0.013,0.005,0.014,0.022,0.017,0.015,0.024,0.069,0.109,0.048,0.058,0.028,0.020,0.053,0.019,0.044,0.025,0.073,0.041,0.012,0.014,0.003,0.001,0.002,0.021,0.018,0.024,0.006,0.011,0.022,0.058,0.160,0.019,0.003,0.003,0.001,0.037,0.001,0.046,0.004,0.005,0.103,0.175,0.012,0.008,0.001,0.007,0.019,0.021,0.005,0.062,0.035,0.012,0.011,0.081,0.076,0.051,0.006,0.002,0.037,0.013,0.010,0.010,0.003,0.824,0.490,0.089,0.113,0.067,0.014,0.111,0.103,0.048,0.096,0.114,0.143,0.319,0.380,2.182,,,,,,,,,,,,,,,,,,,,
49f670cb2961,GGAAAAGGCGUCGAGUAGACGCCAACAACGGAAACCUGAAAGAUCAAAAAAAAAAAGAUCAAGUACAAAAAAAAAAAGUACAACAGGAAAAAAAAAAAGCAUAGGUUCGCCUAUGCAAACCAAACCGUCAGCGAGUAGCUGACAAAAAGAAACAACAACAACAAC,DMS,TODS1_DMS_0001.rdat,,8.060,1,0.316,2.332,0.807,1.037,0.712,0.644,0.408,0.218,0.058,0.014,0.020,0.077,0.142,0.180,0.182,0.171,0.185,0.109,0.116,0.147,0.133,0.163,0.218,0.332,0.262,0.286,0.274,0.223,0.084,0.054,0.156,0.334,0.401,0.360,0.351,0.217,0.189,0.317,0.547,0.632,0.526,0.441,0.387,0.186,0.129,0.056,0.044,0.071,0.128,0.238,0.437,0.500,0.671,0.774,0.761,0.599,0.449,0.527,0.407,0.545,0.684,0.481,0.296,0.370,0.411,0.142,0.086,0.068,0.096,0.194,0.404,0.489,0.355,0.639,0.700,0.746,0.417,0.154,0.329,0.621,0.486,0.849,0.738,0.432,0.241,0.189,0.096,0.068,0.032,0.023,0.091,0.197,0.633,0.154,0.223,0.607,0.661,0.481,0.011,0.014,0.186,0.084,0.321,-0.000,0.038,0.015,0.011,0.292,0.210,0.032,0.045,0.024,0.233,0.126,0.212,0.086,0.889,0.920,0.717,0.220,0.579,0.686,0.709,1.014,0.495,0.392,0.008,0.044,0.157,0.069,1.517,1.030,0.205,0.606,0.285,0.154,0.413,0.465,0.124,0.237,0.532,1.228,1.234,2.018,4.092,,,,,,,,,,,,,,,,,,,,,0.442,0.854,0.223,0.071,0.027,0.015,0.017,0.036,0.022,0.002,0.014,0.027,0.010,0.026,0.026,0.010,0.015,0.007,0.010,0.013,0.034,0.006,0.040,0.048,0.002,0.023,0.021,0.008,0.008,0.011,0.019,0.026,0.024,0.024,0.027,0.014,0.010,0.017,0.042,0.019,0.022,0.016,0.017,0.008,0.006,0.009,0.013,0.015,0.022,0.034,0.029,0.040,0.019,0.020,0.023,0.024,0.021,0.031,0.014,0.039,0.042,0.036,0.031,0.028,0.017,0.029,0.009,0.003,0.019,0.030,0.009,0.020,0.036,0.056,0.110,0.037,0.058,0.030,0.017,0.036,0.016,0.037,0.033,0.070,0.044,0.013,0.014,0.004,0.003,0.002,0.019,0.019,0.016,0.005,0.008,0.021,0.057,0.161,0.020,0.006,0.007,0.001,0.094,0.005,0.028,0.005,0.003,0.108,0.171,0.008,0.007,0.004,0.022,0.021,0.021,0.005,0.047,0.018,0.034,0.015,0.054,0.049,0.013,0.050,0.024,0.017,0.004,0.010,0.025,0.005,0.826,0.355,0.059,0.091,0.048,0.012,0.090,0.077,0.035,0.049,0.113,0.108,0.218,0.220,0.974,,,,,,,,,,,,,,,,,,,,
49f670cb2961,GGAAAAGGCGUCGAGUAGACGCCAACAACGGAAACCUGAAAGAUCAAAAAAAAAAAGAUCAAGUACAAAAAAAAAAAGUACAACAGGAAAAAAAAAAAGCAUAGGUUCGCCUAUGCAAACCAAACCGUCAGCGAGUAGCUGACAAAAAGAAACAACAACAACAAC,DMS,TODS1_DMS_0001.rdat,,6.118,1,0.931,2.285,0.600,0.871,0.588,0.417,0.351,0.185,0.051,0.044,0.057,0.153,0.191,0.263,0.264,0.206,0.207,0.148,0.192,0.255,0.212,0.176,0.241,0.331,0.231,0.297,0.275,0.225,0.121,0.088,0.170,0.327,0.394,0.351,0.366,0.207,0.175,0.297,0.521,0.587,0.500,0.419,0.369,0.168,0.136,0.058,0.046,0.070,0.124,0.243,0.427,0.475,0.625,0.705,0.700,0.549,0.424,0.501,0.375,0.507,0.649,0.436,0.267,0.333,0.357,0.121,0.087,0.070,0.103,0.217,0.398,0.463,0.346,0.564,0.615,0.676,0.376,0.155,0.327,0.554,0.453,0.790,0.691,0.401,0.251,0.182,0.097,0.075,0.038,0.033,0.105,0.226,0.682,0.183,0.214,0.549,0.624,0.533,0.041,0.047,0.400,0.185,0.699,0.004,0.100,0.039,0.019,0.269,0.358,0.064,0.050,0.054,0.498,0.186,0.223,0.077,0.675,0.781,0.640,0.160,0.445,0.543,0.571,0.883,0.296,0.298,0.006,0.096,0.388,0.175,1.463,1.765,0.250,0.595,0.413,0.209,0.396,0.644,0.212,0.543,0.622,1.330,1.809,1.947,5.504,,,,,,,,,,,,,,,,,,,,,1.173,1.621,0.508,0.092,0.027,0.019,0.031,0.038,0.026,0.004,0.027,0.017,0.021,0.019,0.013,0.025,0.015,0.008,0.013,0.013,0.026,0.030,0.026,0.029,0.018,0.012,0.039,0.017,0.012,0.015,0.027,0.042,0.012,0.008,0.036,0.017,0.012,0.029,0.027,0.031,0.022,0.022,0.012,0.011,0.008,0.009,0.010,0.011,0.020,0.030,0.016,0.054,0.028,0.040,0.037,0.028,0.031,0.019,0.010,0.024,0.025,0.042,0.033,0.030,0.026,0.035,0.011,0.006,0.015,0.022,0.020,0.018,0.022,0.064,0.108,0.053,0.058,0.030,0.022,0.047,0.025,0.050,0.021,0.070,0.049,0.013,0.014,0.004,0.003,0.002,0.020,0.014,0.035,0.010,0.010,0.026,0.052,0.167,0.024,0.010,0.011,0.005,0.206,0.009,0.057,0.012,0.003,0.109,0.149,0.004,0.006,0.007,0.047,0.031,0.020,0.007,0.039,0.030,0.007,0.004,0.067,0.063,0.046,0.012,0.008,0.031,0.011,0.024,0.088,0.033,0.848,0.609,0.107,0.101,0.067,0.015,0.097,0.083,0.053,0.127,0.141,0.162,0.404,0.294,3.547,,,,,,,,,,,,,,,,,,,,
49f670cb2961,GGAAAAGGCGUCGAGUAGACGCCAACAACGGAAACCUGAAAGAUCAAAAAAAAAAAGAUCAAGUACAAAAAAAAAAAGUACAACAGGAAAAAAAAAAAGCAUAGGUUCGCCUAUGCAAACCAAACCGUCAGCGAGUAGCUGACAAAAAGAAACAACAACAACAAC,DMS,TODS1_DMS_0001.rdat,,6.044,1,1.136,1.934,0.750,0.902,0.688,0.397,0.270,0.162,0.054,0.014,0.027,0.097,0.124,0.186,0.222,0.200,0.168,0.139,0.182,0.244,0.201,0.155,0.229,0.303,0.226,0.406,0.230,0.191,0.094,0.091,0.140,0.288,0.355,0.271,0.340,0.103,0.082,0.199,0.409,0.454,0.354,0.282,0.256,0.111,0.159,0.039,0.046,0.068,0.102,0.201,0.345,0.400,0.550,0.664,0.633,0.476,0.350,0.391,0.298,0.411,0.578,0.363,0.210,0.221,0.259,0.078,0.035,0.048,0.091,0.216,0.425,0.522,0.394,0.606,0.670,0.739,0.409,0.181,0.298,0.506,0.451,0.849,0.737,0.434,0.274,0.214,0.132,0.101,0.043,0.044,0.133,0.264,0.756,0.204,0.259,0.583,0.717,0.600,0.045,0.073,0.436,0.269,0.809,-0.036,0.136,0.032,-0.003,0.373,0.442,0.103,0.056,0.053,0.512,0.195,0.310,0.092,0.738,0.883,0.708,0.217,0.598,0.631,0.669,1.001,0.420,0.474,0.076,0.180,0.550,0.246,2.135,1.160,0.429,0.757,0.439,0.295,0.572,0.724,0.335,0.642,0.824,1.595,1.934,2.381,4.942,,,,,,,,,,,,,,,,,,,,,0.762,1.163,0.378,0.058,0.030,0.023,0.016,0.035,0.016,0.004,0.027,0.024,0.018,0.017,0.013,0.018,0.010,0.014,0.012,0.011,0.024,0.032,0.019,0.032,0.022,0.012,0.045,0.018,0.012,0.014,0.036,0.049,0.025,0.017,0.040,0.027,0.014,0.037,0.019,0.044,0.032,0.033,0.017,0.013,0.019,0.004,0.011,0.013,0.015,0.026,0.005,0.067,0.044,0.054,0.056,0.040,0.043,0.017,0.012,0.017,0.014,0.051,0.040,0.036,0.036,0.038,0.018,0.009,0.013,0.018,0.030,0.031,0.018,0.075,0.135,0.079,0.072,0.039,0.033,0.052,0.033,0.073,0.016,0.086,0.067,0.019,0.023,0.006,0.003,0.003,0.023,0.012,0.070,0.018,0.020,0.045,0.059,0.211,0.035,0.022,0.007,0.012,0.267,0.013,0.085,0.019,0.002,0.151,0.172,0.008,0.007,0.009,0.057,0.044,0.036,0.008,0.044,0.018,0.035,0.010,0.070,0.054,0.036,0.006,0.015,0.032,0.014,0.029,0.082,0.028,1.120,0.413,0.110,0.109,0.062,0.024,0.114,0.107,0.061,0.149,0.173,0.231,0.449,0.261,1.100,,,,,,,,,,,,,,,,,,,,
